1824,1884,90.0,24.0
1953,2035,126.0,21.0
1878,1879,93.0,21.0
2037,1957,102.0,15.0
2005,1805,87.0,15.0
1926,2002,99.0,36.0
2005,2024,114.0,36.0
1975,2002,99.0,18.0
1983,2009,105.0,18.0
1867,1957,93.0,12.0
1831,2029,117.0,24.0
1855,1795,93.0,15.0
1811,1886,87.0,18.0
1949,1988,99.0,12.0
1950,2017,105.0,12.0
1905,2011,105.0,24.0
1836,1986,105.0,12.0
1945,1889,93.0,15.0
1984,1840,90.0,18.0
1890,1848,93.0,21.0
1999,1894,93.0,21.0
1796,1921,93.0,21.0
1962,1906,96.0,24.0
1928,1991,96.0,12.0
2033,1841,93.0,18.0
2039,1844,90.0,18.0
1824,1807,93.0,18.0
2036,1834,93.0,15.0
2010,1846,87.0,12.0
1831,1963,99.0,15.0
1901,2018,111.0,18.0
1834,1822,87.0,21.0
1813,2031,126.0,15.0
2031,1911,99.0,21.0
1862,1965,102.0,18.0
1923,1935,96.0,12.0
1850,1884,93.0,12.0
2022,1832,96.0,12.0
1831,1807,90.0,24.0
1989,1948,93.0,24.0
2027,1850,96.0,27.0
1924,1944,93.0,15.0
1863,1937,99.0,18.0
1889,1903,93.0,18.0
1941,2012,111.0,18.0
2019,1992,99.0,15.0
1943,1832,87.0,15.0
1944,1997,105.0,15.0
1877,1836,93.0,18.0
1982,1996,105.0,18.0
1868,1838,93.0,15.0
1841,1881,93.0,15.0
1896,1919,99.0,18.0
1934,1896,102.0,18.0
1974,1883,96.0,12.0
1927,1887,99.0,21.0
1923,1955,93.0,18.0
1912,1803,93.0,15.0
1964,1877,87.0,24.0
1982,1918,93.0,18.0
2025,1793,99.0,12.0
1815,2010,105.0,12.0
1826,1829,99.0,24.0
1866,1890,93.0,15.0
1997,1994,105.0,12.0
1900,1940,96.0,18.0
1942,1951,90.0,15.0
1899,1861,96.0,18.0
1879,1938,99.0,18.0
1922,1980,102.0,12.0
1940,1982,93.0,15.0
1834,1878,93.0,18.0
1883,1846,87.0,15.0
1853,1919,93.0,21.0
1853,1975,96.0,15.0
1963,1974,99.0,18.0
2021,2007,99.0,18.0
1999,1891,93.0,12.0
2042,1873,90.0,15.0
2037,2007,105.0,18.0
1984,1973,105.0,18.0
2029,1979,99.0,15.0
1843,1866,108.0,18.0
1983,1957,105.0,15.0
1974,2034,111.0,18.0
2005,1824,102.0,18.0
1951,1859,93.0,15.0
1878,1968,96.0,12.0
2023,1891,96.0,18.0
1991,1991,105.0,15.0
1952,1946,105.0,15.0
1991,1812,90.0,24.0
2000,2002,102.0,12.0
1960,1831,93.0,12.0
1982,1907,99.0,24.0
1946,2020,117.0,18.0
2029,1925,93.0,15.0
1880,1811,93.0,15.0
1985,2019,105.0,15.0
1993,1847,105.0,21.0
1866,1905,93.0,21.0
1846,1914,96.0,12.0
1826,2016,99.0,24.0
1958,1933,93.0,15.0
1947,1927,87.0,15.0
1918,1960,102.0,15.0
1804,1928,93.0,18.0
1923,2018,114.0,18.0
1879,1907,87.0,15.0
1990,1855,99.0,21.0
1826,1916,99.0,21.0
1960,1801,93.0,12.0
1865,1951,99.0,21.0
1955,1817,93.0,18.0
1818,1955,99.0,15.0
1857,1931,90.0,18.0
1938,1801,96.0,15.0
1980,1896,96.0,12.0
1829,1858,99.0,15.0
1916,1878,93.0,12.0
1824,1801,102.0,15.0
1896,1854,93.0,12.0
1998,1948,99.0,15.0
2003,1844,93.0,24.0
1837,1888,99.0,18.0
1809,1808,93.0,15.0
1869,1882,93.0,12.0
1825,1930,105.0,15.0
2008,1900,96.0,12.0
1948,1977,96.0,15.0
2041,1924,108.0,15.0
1841,1946,99.0,15.0
1918,1870,90.0,24.0
2021,1861,93.0,15.0
1997,1839,93.0,15.0
1975,1871,99.0,15.0
1797,1840,99.0,18.0
1915,1812,99.0,18.0
1959,1877,99.0,12.0
2020,1820,99.0,18.0
1910,2020,120.0,12.0
1982,1886,93.0,15.0
1907,1855,93.0,15.0
1871,2020,108.0,15.0
1815,1987,105.0,12.0
2024,1969,93.0,18.0
1896,1811,96.0,12.0
1979,1905,99.0,12.0
1909,1983,90.0,12.0
1873,2008,111.0,21.0
1879,1893,105.0,18.0
2009,1795,93.0,15.0
1956,1807,93.0,12.0
1946,1905,87.0,18.0
2006,1860,90.0,12.0
2033,1941,99.0,15.0
2017,1799,99.0,12.0
1961,1986,111.0,15.0
1909,1880,99.0,12.0
1841,1952,99.0,15.0
1940,1820,93.0,12.0
1949,1960,96.0,18.0
1796,1796,90.0,12.0
1798,1805,93.0,12.0
1926,1853,93.0,12.0
1966,1864,99.0,24.0
1935,2007,99.0,18.0
1868,1894,93.0,21.0
1916,1918,96.0,18.0
1977,1945,99.0,18.0
1933,1853,93.0,15.0
2012,1958,96.0,15.0
1945,2027,120.0,12.0
1837,1977,102.0,12.0
1932,1869,99.0,18.0
1902,1884,102.0,12.0
1987,1995,105.0,18.0
2012,1871,93.0,12.0
2038,1815,90.0,18.0
1948,1898,99.0,12.0
1979,1835,87.0,21.0
1839,1864,99.0,12.0
1923,1989,93.0,12.0
1817,1802,93.0,15.0
1885,1915,96.0,12.0
1879,1805,93.0,12.0
2039,1938,96.0,21.0
1925,1842,99.0,15.0
1863,2025,120.0,15.0
1918,1951,93.0,12.0
1845,1928,93.0,15.0
1841,1928,108.0,12.0
1929,2016,111.0,15.0
1877,1903,87.0,18.0
2012,1978,105.0,12.0
2011,2039,138.0,18.0
1843,1919,96.0,12.0
1945,1805,93.0,12.0
1916,1855,93.0,12.0
1891,1862,99.0,12.0
1965,2001,105.0,15.0
1868,1924,102.0,12.0
1945,1894,99.0,12.0
1818,1847,87.0,12.0
1948,2025,120.0,21.0
1988,1819,99.0,18.0
1972,1958,99.0,12.0
1927,1986,99.0,15.0
2037,1965,102.0,12.0
1795,1871,99.0,18.0
2028,2035,126.0,27.0
1991,1851,93.0,15.0
1948,2001,105.0,12.0
1843,1981,99.0,12.0
1955,1917,102.0,12.0
2023,1984,102.0,12.0
1880,2012,105.0,27.0
1847,1821,102.0,15.0
1999,1879,93.0,15.0
1977,1940,105.0,15.0
1918,1835,96.0,15.0
2019,1905,105.0,12.0
1827,2040,138.0,12.0
1848,1849,93.0,15.0
1856,1828,99.0,12.0
1896,1925,99.0,15.0
1851,1888,93.0,15.0
2043,1858,87.0,21.0
2015,1965,99.0,12.0
1927,1904,99.0,15.0
1841,1914,99.0,12.0
1940,1998,105.0,12.0
1944,1971,99.0,12.0
1865,1998,108.0,15.0
2005,2043,138.0,12.0
1886,1855,93.0,15.0
1968,1887,93.0,18.0
2000,1937,87.0,12.0
1940,1928,96.0,12.0
1915,1965,99.0,12.0
2004,1940,93.0,12.0
1939,2028,120.0,21.0
1959,1942,105.0,12.0
1814,1866,93.0,18.0
2017,1958,96.0,15.0
1874,1817,99.0,12.0
1849,1955,99.0,12.0
1871,1808,99.0,15.0
2026,1958,99.0,12.0
1838,2004,108.0,15.0
1986,1862,93.0,18.0
1823,2010,105.0,12.0
2010,1998,105.0,21.0
1852,1846,90.0,12.0
1838,2015,111.0,15.0
2038,1882,99.0,12.0
1965,2016,114.0,12.0
1805,1938,99.0,21.0
2024,1966,93.0,21.0
1933,1980,105.0,15.0
1929,1954,93.0,12.0
1893,1996,99.0,18.0
2003,1998,99.0,15.0
1803,1800,99.0,12.0
2020,1836,96.0,12.0
1870,1804,93.0,12.0
1801,1934,96.0,12.0
1826,1981,99.0,15.0
1994,1942,93.0,12.0
1801,1957,99.0,15.0
1904,1864,93.0,15.0
2006,2009,114.0,12.0
1818,1898,93.0,24.0
1947,2040,126.0,15.0
1926,1919,99.0,15.0
1911,1946,78.0,30.0
1806,2017,105.0,12.0
1885,1870,93.0,15.0
1832,2005,108.0,12.0
1892,1983,99.0,12.0
1953,1844,99.0,12.0
1916,1954,93.0,18.0
1860,1897,99.0,12.0
1813,1821,93.0,15.0
1949,2011,105.0,12.0
1904,1878,99.0,21.0
1998,1941,93.0,21.0
1846,2002,105.0,15.0
1994,1989,93.0,15.0
1993,1972,99.0,12.0
1939,1836,96.0,12.0
1834,1802,93.0,15.0
1843,1962,99.0,15.0
1905,2030,126.0,15.0
1994,1919,99.0,12.0
1906,1811,93.0,12.0
1866,1861,105.0,12.0
1928,1810,81.0,12.0
1915,2042,150.0,12.0
1912,1968,105.0,12.0
1979,2018,105.0,12.0
1996,2030,120.0,15.0
1950,1867,99.0,15.0
1932,1964,96.0,18.0
1810,1906,111.0,18.0
2045,1937,105.0,12.0
1884,2001,105.0,12.0
1990,1859,93.0,15.0
1903,1853,99.0,12.0
1896,1974,96.0,12.0
1975,1924,105.0,12.0
1896,1835,105.0,12.0
1900,1985,99.0,12.0
1955,1864,96.0,12.0
1804,1985,99.0,24.0
1810,1900,93.0,12.0
1895,1843,102.0,12.0
1869,2002,108.0,12.0
1902,1901,96.0,12.0
2002,1876,105.0,12.0
1854,1984,102.0,15.0
1863,1975,111.0,21.0
1989,1970,99.0,15.0
1842,2015,111.0,12.0
2038,1943,96.0,12.0
1810,1974,99.0,18.0
1890,1816,99.0,15.0
2030,1992,111.0,12.0
2018,1847,99.0,21.0
1860,1917,96.0,12.0
2025,1814,93.0,12.0
1999,1832,99.0,15.0
1932,1939,102.0,12.0
1808,1811,93.0,15.0
1823,1935,99.0,12.0
1806,1876,105.0,12.0
2018,1976,99.0,12.0
1842,1985,102.0,12.0
2008,1991,105.0,12.0
1808,1922,99.0,12.0
2030,1946,87.0,12.0
1879,1948,99.0,18.0
2028,1873,96.0,12.0
1864,1917,99.0,12.0
1807,1864,99.0,12.0
1895,1954,105.0,12.0
1872,1959,90.0,21.0
2019,1811,99.0,12.0
1869,1952,105.0,18.0
1843,1842,96.0,12.0
1894,1925,87.0,12.0
2036,1976,99.0,12.0
2035,1886,96.0,12.0
2030,1965,93.0,27.0
2010,1930,99.0,15.0
1928,1802,90.0,21.0
1982,1859,90.0,12.0
1960,2020,111.0,12.0
1885,1934,99.0,18.0
1869,1874,108.0,12.0
1822,1922,105.0,12.0
1895,1798,93.0,12.0
2017,1941,102.0,12.0
2013,1952,87.0,12.0
1827,1842,99.0,18.0
1960,2031,120.0,12.0
1927,1949,93.0,12.0
1807,1817,102.0,12.0
1909,1914,102.0,12.0
1808,1851,93.0,18.0
1904,1919,96.0,12.0
1876,1983,102.0,15.0
1969,2012,111.0,12.0
1927,1972,102.0,15.0
1924,1961,96.0,15.0
1974,1832,99.0,12.0
1889,1991,93.0,15.0
1860,2002,87.0,15.0
1966,1859,99.0,18.0
1825,1927,105.0,18.0
1862,1970,99.0,12.0
1976,1793,96.0,15.0
2012,1877,99.0,12.0
1875,1892,93.0,15.0
1849,2002,99.0,12.0
2025,1822,99.0,12.0
1900,1846,90.0,15.0
1999,2043,141.0,12.0
1812,2000,105.0,12.0
1832,2017,105.0,15.0
1973,1992,111.0,15.0
1831,1880,84.0,12.0
2020,1919,93.0,12.0
1936,1798,102.0,12.0
1855,1969,105.0,12.0
2017,2030,129.0,12.0
1933,2026,114.0,12.0
1794,1901,99.0,12.0
2040,1806,99.0,12.0
1819,1967,108.0,15.0
1881,2006,108.0,15.0
1859,1990,87.0,12.0
2037,1876,99.0,12.0
1932,1816,87.0,12.0
2015,1806,93.0,18.0
1795,1893,93.0,12.0
1934,1998,111.0,12.0
1981,1922,99.0,12.0
1870,1891,93.0,12.0
2029,2016,105.0,15.0
1931,1916,105.0,12.0
1816,1916,93.0,12.0
1982,1834,87.0,12.0
1793,1878,99.0,12.0
1822,2031,126.0,12.0
1842,1874,105.0,12.0
1813,1896,90.0,12.0
