122,881,230.0,72.5
149,893,255.0,72.5
188,826,227.5,65.0
140,864,237.5,102.5
237,899,262.5,87.5
225,885,247.5,70.0
224,843,190.0,97.5
179,960,245.0,50.0
128,930,272.5,102.5
232,998,262.5,220.0
214,791,232.5,90.0
229,861,245.0,50.0
61,1007,262.5,70.0
238,916,257.5,57.5
132,871,237.5,50.0
223,871,250.0,75.0
72,1012,267.5,70.0
214,852,227.5,52.5
198,840,225.0,50.0
123,1014,252.5,75.0
116,922,270.0,55.0
69,990,250.0,55.0
107,937,255.0,50.0
146,926,277.5,57.5
251,999,312.5,110.0
418,1224,312.0,1256.0
285,1214,240.0,328.0
302,1122,240.0,104.0
323,1124,216.0,160.0
317,1057,216.0,64.0
411,1245,336.0,352.0
410,1034,264.0,336.0
502,1180,264.0,96.0
370,1194,272.0,88.0
414,1179,280.0,224.0
313,1251,264.0,56.0
501,1208,280.0,104.0
447,1242,272.0,80.0
406,1187,264.0,120.0
445,1181,280.0,216.0
272,1087,272.0,160.0
365,1207,240.0,88.0
424,1123,256.0,80.0
408,1150,192.0,88.0
274,1115,232.0,64.0
479,1058,296.0,80.0
420,1202,248.0,56.0
264,1095,280.0,96.0
414,1128,256.0,96.0
503,1046,280.0,104.0
437,1161,264.0,64.0
426,1084,304.0,64.0
376,1206,240.0,96.0
470,1122,216.0,88.0
364,1180,232.0,88.0
400,1084,272.0,64.0
501,1232,296.0,80.0
508,1118,896.0,168.0
500,1150,240.0,80.0
368,1053,272.0,56.0
489,1072,264.0,88.0
403,1029,264.0,64.0
435,1249,320.0,80.0
905,1243,450.0,645.0
989,1169,465.0,540.0
975,1263,420.0,660.0
881,1262,450.0,645.0
999,1241,360.0,420.0
984,1224,345.0,525.0
1006,1129,390.0,735.0
978,1148,435.0,375.0
967,1190,360.0,345.0
940,1254,660.0,1410.0
951,1181,255.0,60.0
909,1267,375.0,405.0
959,1252,660.0,1575.0
928,1197,300.0,240.0
898,1256,420.0,405.0
927,1176,270.0,165.0
886,1233,375.0,270.0
1014,1209,300.0,300.0
1013,1155,405.0,135.0
978,1116,240.0,105.0
846,1079,225.0,90.0
816,1042,225.0,75.0
843,1227,270.0,60.0
961,1145,330.0,195.0
1001,1202,285.0,225.0
906,1182,240.0,120.0
901,1087,180.0,180.0
814,1080,270.0,105.0
999,1185,360.0,120.0
1009,1112,390.0,270.0
970,1163,405.0,300.0
914,1155,300.0,120.0
996,1229,330.0,165.0
1002,1258,330.0,120.0
778,1103,270.0,150.0
895,1225,375.0,375.0
857,1144,210.0,60.0
956,1228,330.0,165.0
928,1256,480.0,90.0
988,1138,330.0,150.0
883,1245,375.0,150.0
995,1156,390.0,105.0
944,1098,225.0,60.0
815,1109,240.0,60.0
1017,1145,390.0,75.0
905,1219,345.0,285.0
823,1073,240.0,60.0
993,1147,375.0,135.0
941,1240,390.0,90.0
941,1146,300.0,60.0
867,1051,225.0,90.0
837,1185,210.0,75.0
911,1227,330.0,105.0
915,1210,300.0,135.0
971,1239,375.0,135.0
949,1142,300.0,75.0
981,1189,345.0,165.0
944,1210,285.0,75.0
862,1195,255.0,75.0
1011,1167,450.0,105.0
955,1135,285.0,90.0
934,1237,405.0,105.0
804,1223,300.0,90.0
896,1241,360.0,165.0
980,1130,285.0,75.0
922,1272,345.0,60.0
979,1169,390.0,60.0
968,1210,315.0,90.0
906,1201,330.0,75.0
891,1251,360.0,150.0
876,1251,330.0,60.0
972,1215,300.0,60.0
989,1259,375.0,75.0
1368,1271,250.0,116.0
1412,1045,220.0,148.0
1515,1210,258.0,60.0
1332,1133,240.0,52.0
1432,1247,280.0,92.0
1520,1194,268.0,70.0
1359,1217,244.0,188.0
1510,1267,298.0,52.0
1370,1158,226.0,66.0
1318,1132,208.0,82.0
1523,1245,306.0,98.0
1392,1178,230.0,52.0
1392,1221,258.0,58.0
1485,1143,220.0,56.0
1321,1210,192.0,154.0
1480,1266,278.0,132.0
1411,1234,272.0,52.0
1411,1273,232.0,66.0
1527,1256,306.0,100.0
1387,1261,234.0,86.0
1514,1080,240.0,202.0
1285,1243,292.0,90.0
1302,1269,306.0,70.0
1335,1182,200.0,64.0
1434,1223,270.0,94.0
1327,1191,184.0,56.0
1397,1093,208.0,102.0
1346,1141,246.0,110.0
1387,1054,208.0,84.0
1507,1048,230.0,56.0
1303,1078,186.0,56.0
1414,1146,220.0,56.0
1467,1043,256.0,52.0
1304,1256,284.0,54.0
1491,1189,254.0,66.0
1366,1237,274.0,56.0
1303,1132,234.0,52.0
1462,1268,284.0,54.0
89,537,195.0,100.0
48,654,235.0,50.0
230,571,232.5,287.5
57,588,237.5,90.0
211,553,232.5,120.0
69,619,232.5,85.0
18,605,240.0,52.5
214,579,252.5,137.5
222,554,247.5,112.5
234,656,175.0,62.5
210,539,235.0,62.5
191,549,222.5,60.0
225,542,245.0,72.5
231,618,207.5,135.0
187,541,222.5,65.0
200,528,235.0,75.0
174,515,187.5,57.5
88,577,195.0,57.5
252,742,300.0,77.5
381,1834,236.0,64.0
277,1831,252.0,84.0
480,1843,248.0,432.0
501,1850,240.0,76.0
375,2014,248.0,56.0
294,1837,260.0,180.0
361,1803,272.0,88.0
401,1900,240.0,316.0
303,1812,276.0,72.0
338,1951,244.0,204.0
263,1922,252.0,52.0
334,1997,244.0,76.0
370,1890,256.0,148.0
441,1832,176.0,76.0
457,1924,244.0,88.0
262,1819,244.0,60.0
481,2010,196.0,96.0
489,1976,260.0,72.0
501,1975,248.0,140.0
380,1936,228.0,60.0
360,1928,232.0,52.0
473,1821,248.0,76.0
393,1916,248.0,64.0
296,1896,292.0,88.0
360,1860,244.0,136.0
323,1812,260.0,72.0
432,1911,244.0,60.0
269,1794,260.0,52.0
482,1899,248.0,120.0
294,1858,276.0,52.0
465,1794,260.0,52.0
345,1975,252.0,80.0
1148,1476,232.0,240.0
1165,1505,172.0,80.0
1246,1441,212.0,76.0
1034,1309,308.0,208.0
1072,1451,284.0,440.0
1066,1496,200.0,280.0
1168,1462,236.0,52.0
1265,1526,240.0,64.0
1104,1391,308.0,180.0
1140,1296,252.0,76.0
1127,1492,224.0,144.0
1073,1478,196.0,120.0
1112,1365,324.0,284.0
1268,1289,276.0,52.0
1198,1333,256.0,136.0
1035,1332,232.0,56.0
1100,1420,268.0,296.0
1120,1284,232.0,184.0
1102,1376,324.0,132.0
1107,1341,288.0,120.0
1183,1441,228.0,104.0
1033,1393,272.0,76.0
1121,1407,268.0,124.0
1185,1424,240.0,148.0
1126,1303,256.0,52.0
1052,1416,304.0,168.0
1219,1471,204.0,80.0
1235,1407,268.0,96.0
1063,1333,248.0,80.0
1087,1311,280.0,140.0
1112,1416,260.0,88.0
1042,1417,300.0,120.0
1057,1397,244.0,76.0
1053,1445,272.0,208.0
1225,1297,268.0,76.0
1156,1346,248.0,64.0
1267,1352,296.0,152.0
1063,1290,280.0,100.0
1139,1316,276.0,220.0
1076,1375,292.0,64.0
1035,1353,228.0,84.0
1197,1470,184.0,52.0
1032,1411,288.0,76.0
1202,1319,272.0,52.0
1240,1309,268.0,56.0
1051,1507,244.0,104.0
1110,1323,296.0,80.0
1243,1489,236.0,60.0
1186,1515,196.0,112.0
1189,1508,192.0,76.0
1253,1466,268.0,52.0
1162,1473,236.0,68.0
1260,1461,268.0,84.0
1090,1530,272.0,92.0
1269,1362,296.0,72.0
1117,1335,284.0,52.0
1072,1367,292.0,72.0
1159,1457,224.0,56.0
1052,1381,252.0,52.0
1159,1354,248.0,120.0
1071,1425,296.0,68.0
1225,1404,252.0,52.0
1060,1416,304.0,76.0
1703,664,260.0,555.0
1684,580,240.0,125.0
1681,739,255.0,90.0
1648,684,240.0,130.0
1684,722,250.0,80.0
1572,651,290.0,90.0
1657,550,215.0,60.0
1728,540,210.0,90.0
1695,542,230.0,175.0
1597,596,220.0,50.0
1547,711,270.0,100.0
1632,583,250.0,60.0
1576,690,295.0,60.0
1570,720,265.0,70.0
1699,528,270.0,95.0
1591,547,285.0,170.0
1738,735,175.0,60.0
1575,610,235.0,145.0
1675,609,270.0,105.0
1588,748,260.0,70.0
1667,753,265.0,60.0
1543,691,270.0,105.0
1612,530,325.0,60.0
1709,744,175.0,55.0
1598,702,270.0,75.0
1644,550,215.0,50.0
1583,673,295.0,120.0
1565,567,265.0,80.0
1569,636,275.0,60.0
1732,690,270.0,155.0
1594,688,270.0,135.0
1664,631,280.0,50.0
1561,528,290.0,95.0
1605,579,260.0,80.0
1645,727,265.0,125.0
1680,695,215.0,80.0
1695,722,250.0,50.0
1747,650,280.0,80.0
1716,656,255.0,55.0
1553,755,280.0,155.0
1548,549,290.0,60.0
1658,641,245.0,115.0
1588,557,295.0,70.0
1614,544,295.0,75.0
1679,753,265.0,135.0
1602,532,335.0,175.0
1687,554,230.0,80.0
1723,522,240.0,65.0
1586,720,240.0,50.0
1635,634,290.0,70.0
1742,636,280.0,60.0
1688,604,250.0,60.0
1592,567,295.0,165.0
1575,527,295.0,60.0
1601,522,335.0,105.0
1785,658,265.0,50.0
1759,637,270.0,60.0
1620,633,295.0,50.0
1614,514,285.0,85.0
1778,687,270.0,55.0
1735,647,270.0,130.0
1579,535,280.0,95.0
1601,662,305.0,50.0
1729,515,270.0,105.0
1663,747,260.0,50.0
1460,1652,207.0,81.0
1481,1567,303.0,192.0
1294,1781,279.0,147.0
1370,1556,276.0,78.0
1494,1615,234.0,75.0
1492,1602,231.0,57.0
1491,1543,297.0,219.0
1326,1745,231.0,57.0
1415,1546,246.0,87.0
1392,1664,261.0,69.0
1305,1682,258.0,60.0
1517,1553,276.0,66.0
1386,1699,246.0,87.0
1395,1607,288.0,72.0
1300,1564,249.0,63.0
1402,1543,258.0,87.0
1311,1769,264.0,54.0
1363,1610,243.0,144.0
1399,1635,282.0,153.0
1381,1573,270.0,60.0
1285,1618,276.0,75.0
1465,1569,285.0,123.0
1299,1722,246.0,72.0
1529,1546,297.0,93.0
1403,1551,249.0,51.0
1513,1577,285.0,57.0
1369,1542,285.0,57.0
1334,1543,285.0,66.0
1443,1612,288.0,63.0
1352,1726,246.0,90.0
1375,1538,282.0,51.0
54,1857,255.0,390.0
191,1818,195.0,145.0
108,1848,235.0,655.0
218,1914,225.0,140.0
177,1974,265.0,625.0
26,1891,210.0,55.0
106,1883,215.0,55.0
190,1925,200.0,345.0
37,1996,220.0,115.0
34,1982,235.0,85.0
23,2013,255.0,105.0
223,1839,280.0,420.0
129,1857,235.0,80.0
125,1875,230.0,65.0
230,1918,225.0,85.0
170,1906,210.0,60.0
131,1946,270.0,65.0
204,1986,205.0,70.0
86,1912,270.0,75.0
87,1962,240.0,65.0
137,1837,220.0,80.0
159,2003,250.0,105.0
127,2004,275.0,60.0
94,2003,250.0,55.0
139,1954,270.0,55.0
34,1831,205.0,65.0
97,1971,250.0,65.0
71,1838,200.0,85.0
44,1955,230.0,90.0
26,1911,250.0,60.0
229,1848,280.0,80.0
78,1903,265.0,50.0
158,1959,245.0,50.0
192,1840,170.0,55.0
14,1987,250.0,65.0
248,1934,270.0,70.0
96,2032,280.0,135.0
5,1942,215.0,50.0
63,2036,245.0,85.0
87,2042,325.0,150.0
141,1927,280.0,55.0
126,1976,270.0,70.0
226,1859,285.0,115.0
146,1884,245.0,55.0
235,1928,255.0,65.0
104,1927,225.0,55.0
226,2039,230.0,225.0
179,1995,250.0,55.0
178,1801,230.0,110.0
234,1891,170.0,50.0
3,1977,345.0,135.0
28,2040,255.0,55.0
219,1885,240.0,50.0
78,1963,240.0,50.0
142,2030,250.0,50.0
1595,266,252.0,144.0
1777,484,236.0,176.0
1657,406,280.0,164.0
1661,271,252.0,304.0
1653,369,220.0,92.0
1595,363,260.0,52.0
1750,496,220.0,68.0
1676,356,236.0,172.0
1698,448,284.0,52.0
1686,339,244.0,60.0
1617,330,212.0,176.0
1569,490,348.0,136.0
1714,345,284.0,228.0
1571,378,276.0,64.0
1644,449,300.0,92.0
1759,474,228.0,92.0
1627,365,260.0,56.0
1588,477,304.0,84.0
1767,360,260.0,60.0
1676,453,256.0,200.0
1559,280,224.0,76.0
1668,451,256.0,52.0
1672,475,300.0,100.0
1749,368,288.0,64.0
1605,452,320.0,60.0
1639,427,264.0,88.0
1598,495,284.0,68.0
1671,312,256.0,60.0
1569,390,264.0,64.0
1595,428,276.0,92.0
1689,466,220.0,108.0
1658,440,284.0,60.0
1608,462,316.0,68.0
1684,285,292.0,56.0
1761,287,264.0,72.0
1580,507,384.0,252.0
1636,486,300.0,72.0
1562,472,324.0,68.0
1546,466,248.0,68.0
1738,288,276.0,52.0
1563,262,280.0,56.0
712,1071,248.0,1080.0
628,1233,288.0,80.0
578,1115,264.0,104.0
620,1160,264.0,208.0
670,1146,240.0,592.0
702,1199,200.0,296.0
640,1160,264.0,224.0
538,1057,256.0,128.0
570,1204,264.0,408.0
584,1067,280.0,672.0
642,1080,232.0,112.0
597,1096,256.0,104.0
566,1110,264.0,144.0
667,1048,280.0,240.0
544,1125,272.0,544.0
538,1197,304.0,296.0
645,1222,272.0,80.0
613,1178,264.0,64.0
623,1265,264.0,88.0
574,1230,304.0,120.0
680,1049,288.0,72.0
632,1101,176.0,96.0
681,1236,280.0,80.0
704,1112,272.0,88.0
603,1113,248.0,64.0
686,1137,232.0,56.0
611,1067,264.0,80.0
725,1237,272.0,72.0
522,1036,256.0,64.0
734,1244,280.0,80.0
585,1225,296.0,104.0
625,1215,248.0,120.0
641,1035,272.0,64.0
690,1050,288.0,56.0
614,1086,232.0,64.0
759,1191,272.0,64.0
687,1167,256.0,80.0
745,1265,296.0,80.0
624,1145,288.0,104.0
555,1191,272.0,120.0
716,1142,280.0,88.0
680,1041,288.0,112.0
561,1076,232.0,56.0
627,1176,264.0,88.0
716,1128,288.0,56.0
596,1072,280.0,88.0
575,1126,256.0,64.0
516,1157,336.0,56.0
531,1221,296.0,64.0
683,1121,216.0,72.0
518,1193,288.0,64.0
604,1086,264.0,64.0
1216,1582,265.0,140.0
1037,1756,240.0,85.0
1195,1542,280.0,60.0
1215,1691,225.0,170.0
1135,1590,310.0,375.0
1114,1774,185.0,80.0
1163,1764,305.0,505.0
1189,1772,225.0,75.0
1142,1689,270.0,120.0
1125,1663,290.0,60.0
1250,1765,285.0,100.0
1079,1638,250.0,50.0
1249,1602,245.0,125.0
1086,1748,205.0,105.0
1227,1613,260.0,65.0
1049,1635,245.0,85.0
1252,1570,300.0,65.0
1166,1781,280.0,50.0
1216,1611,275.0,130.0
1051,1690,300.0,140.0
1140,1649,290.0,75.0
1194,1591,265.0,50.0
1162,1561,280.0,95.0
1185,1623,280.0,65.0
1148,1671,290.0,115.0
1256,1618,235.0,85.0
1057,1699,300.0,140.0
1096,1642,235.0,85.0
1265,1780,240.0,55.0
1061,1670,305.0,65.0
1051,1599,270.0,75.0
1260,1567,260.0,50.0
1173,1707,265.0,55.0
1256,1727,265.0,75.0
1228,1715,290.0,80.0
1051,1562,225.0,120.0
1171,1677,275.0,50.0
1229,1620,270.0,65.0
1150,1702,255.0,70.0
1257,1705,255.0,100.0
1143,1580,315.0,70.0
1154,1670,285.0,100.0
1067,1716,300.0,65.0
1228,1779,180.0,55.0
1075,1557,280.0,60.0
1130,1757,305.0,110.0
1061,1708,290.0,60.0
698,1882,216.0,128.0
533,1969,220.0,144.0
746,2035,204.0,72.0
627,2020,256.0,52.0
639,1866,292.0,424.0
551,1985,196.0,64.0
738,1888,256.0,188.0
593,1866,216.0,128.0
579,1801,256.0,200.0
698,1835,288.0,164.0
703,1954,200.0,88.0
641,1917,240.0,72.0
642,1817,292.0,120.0
722,1829,272.0,56.0
611,1887,236.0,144.0
656,1837,284.0,116.0
630,1884,276.0,72.0
634,1827,296.0,76.0
643,1829,288.0,120.0
632,1840,296.0,88.0
564,1902,252.0,104.0
746,1845,264.0,84.0
663,1889,268.0,88.0
663,1857,276.0,80.0
733,1906,232.0,100.0
683,1866,276.0,116.0
527,1900,260.0,108.0
761,1855,240.0,124.0
568,1911,264.0,68.0
569,1800,276.0,92.0
694,1794,308.0,56.0
586,1914,260.0,64.0
614,1907,252.0,68.0
564,1918,264.0,116.0
554,1952,220.0,52.0
657,1865,288.0,76.0
673,1867,288.0,56.0
641,1905,280.0,100.0
723,1954,232.0,80.0
718,1943,204.0,52.0
601,1894,216.0,64.0
531,1865,248.0,84.0
657,1804,272.0,64.0
118,190,190.0,206.0
120,209,214.0,148.0
106,131,162.0,218.0
105,105,196.0,64.0
129,234,228.0,74.0
76,117,182.0,110.0
231,178,230.0,154.0
250,76,210.0,144.0
106,13,260.0,80.0
159,206,230.0,66.0
149,39,180.0,50.0
12,23,224.0,70.0
109,27,224.0,66.0
177,5,200.0,66.0
237,229,228.0,50.0
38,133,192.0,60.0
202,207,220.0,66.0
980,1678,310.0,170.0
937,1633,275.0,115.0
901,1674,290.0,105.0
1007,1762,205.0,50.0
958,1757,275.0,105.0
839,1554,215.0,400.0
776,1648,210.0,50.0
935,1599,300.0,60.0
868,1633,235.0,75.0
962,1605,305.0,505.0
928,1764,245.0,125.0
982,1581,280.0,100.0
772,1780,530.0,390.0
775,1578,270.0,60.0
817,1707,205.0,50.0
858,1714,240.0,55.0
866,1749,190.0,135.0
998,1621,330.0,60.0
796,1675,245.0,50.0
808,1654,260.0,75.0
806,1604,230.0,240.0
921,1592,280.0,175.0
919,1690,270.0,80.0
885,1690,305.0,90.0
816,1643,245.0,55.0
777,1742,240.0,65.0
937,1674,295.0,180.0
974,1662,325.0,115.0
920,1611,305.0,110.0
873,1580,245.0,70.0
967,1669,325.0,70.0
981,1616,295.0,85.0
935,1693,295.0,50.0
909,1579,245.0,65.0
775,1759,275.0,80.0
951,1694,315.0,50.0
855,1782,260.0,50.0
983,1692,295.0,50.0
904,1716,245.0,60.0
935,1615,305.0,50.0
846,1607,235.0,50.0
1016,1675,285.0,50.0
1005,1594,305.0,50.0
935,1752,250.0,80.0
792,1664,255.0,50.0
773,1770,290.0,170.0
918,1649,285.0,60.0
986,1647,295.0,50.0
910,1606,300.0,90.0
789,1749,215.0,70.0
1001,1636,285.0,60.0
955,1585,205.0,70.0
1012,1600,315.0,100.0
908,1651,295.0,65.0
895,1702,260.0,60.0
1052,342,153.0,219.0
1157,460,261.0,273.0
1187,444,249.0,75.0
1051,451,234.0,93.0
1042,436,228.0,351.0
1128,425,252.0,306.0
1068,493,240.0,75.0
1219,373,231.0,87.0
1194,349,237.0,192.0
1205,405,240.0,195.0
1057,423,216.0,105.0
1126,457,270.0,72.0
1170,331,189.0,147.0
1270,291,249.0,54.0
1208,459,246.0,102.0
1160,285,246.0,54.0
1108,459,225.0,69.0
1148,444,240.0,99.0
1093,376,195.0,54.0
1216,361,231.0,60.0
1138,333,162.0,87.0
1144,460,252.0,174.0
1169,380,177.0,51.0
1148,423,246.0,99.0
1187,281,276.0,93.0
1239,461,237.0,66.0
1079,473,246.0,54.0
1040,285,243.0,81.0
1204,286,270.0,54.0
1168,428,219.0,51.0
1105,329,210.0,51.0
1194,409,201.0,108.0
1133,463,267.0,60.0
1242,272,291.0,51.0
936,1302,376.0,808.0
888,1284,384.0,536.0
981,1357,280.0,200.0
817,1306,280.0,72.0
775,1452,272.0,96.0
998,1358,272.0,56.0
981,1503,264.0,176.0
963,1299,296.0,144.0
873,1345,240.0,56.0
870,1362,264.0,96.0
947,1323,304.0,64.0
872,1385,280.0,112.0
792,1455,264.0,80.0
952,1296,352.0,608.0
831,1415,280.0,144.0
783,1340,272.0,64.0
789,1497,240.0,80.0
981,1342,288.0,80.0
840,1465,248.0,96.0
932,1284,384.0,136.0
897,1430,256.0,72.0
921,1310,288.0,72.0
950,1508,272.0,64.0
994,1333,280.0,176.0
976,1284,584.0,280.0
783,1376,256.0,64.0
784,1398,272.0,88.0
896,1531,232.0,64.0
1016,1489,264.0,56.0
952,1312,304.0,88.0
974,1492,232.0,56.0
915,1285,304.0,64.0
831,1408,280.0,64.0
806,1816,242.5,102.5
908,1851,262.5,77.5
983,2002,247.5,155.0
1009,1977,237.5,87.5
973,1944,265.0,92.5
878,2005,237.5,62.5
917,1887,265.0,150.0
856,2026,185.0,57.5
895,1811,202.5,112.5
842,2032,180.0,75.0
850,1914,255.0,60.0
951,1928,242.5,82.5
936,1879,265.0,62.5
822,1860,220.0,95.0
865,1935,237.5,80.0
993,1930,245.0,82.5
955,2010,242.5,70.0
805,1967,250.0,75.0
1015,1919,260.0,102.5
836,1984,237.5,105.0
782,1891,220.0,70.0
928,2007,305.0,57.5
1008,1951,255.0,67.5
957,1941,262.5,55.0
921,1860,255.0,65.0
951,1996,260.0,190.0
925,1939,262.5,57.5
959,1950,260.0,75.0
981,1973,257.5,55.0
922,2000,305.0,60.0
423,1352,280.0,920.0
278,1449,304.0,416.0
391,1365,296.0,944.0
406,1337,272.0,176.0
400,1498,280.0,136.0
367,1370,296.0,192.0
377,1326,248.0,608.0
281,1499,272.0,200.0
408,1479,296.0,408.0
466,1325,288.0,120.0
374,1452,272.0,296.0
283,1403,272.0,88.0
364,1517,288.0,80.0
439,1512,288.0,160.0
310,1476,312.0,176.0
369,1295,280.0,72.0
299,1514,328.0,208.0
503,1296,304.0,112.0
448,1368,224.0,64.0
469,1414,280.0,272.0
392,1520,240.0,56.0
442,1430,280.0,160.0
278,1462,304.0,280.0
325,1299,280.0,88.0
263,1508,272.0,104.0
451,1476,296.0,72.0
474,1333,304.0,120.0
449,1496,288.0,192.0
319,1492,296.0,56.0
408,1388,256.0,104.0
492,1342,336.0,120.0
327,1289,248.0,160.0
312,1288,248.0,80.0
395,1438,240.0,88.0
324,1466,320.0,64.0
315,1389,296.0,88.0
453,1315,304.0,80.0
304,1401,280.0,192.0
278,1346,304.0,96.0
457,1457,272.0,112.0
435,1443,280.0,80.0
346,1504,272.0,80.0
461,1493,288.0,120.0
440,1470,296.0,72.0
440,1491,304.0,192.0
415,1407,264.0,56.0
358,1528,296.0,336.0
273,1408,272.0,104.0
307,1492,296.0,104.0
267,1341,312.0,88.0
359,1485,288.0,88.0
328,1414,304.0,128.0
429,1517,288.0,136.0
341,1530,232.0,184.0
305,1527,336.0,80.0
293,1475,280.0,56.0
327,1516,288.0,80.0
304,1427,288.0,64.0
474,1525,256.0,88.0
493,1327,312.0,56.0
354,1354,288.0,64.0
411,1523,320.0,136.0
347,1430,272.0,56.0
382,1482,272.0,56.0
365,1359,296.0,88.0
357,1386,296.0,72.0
272,1358,248.0,72.0
368,1490,288.0,80.0
381,1475,288.0,96.0
411,1514,328.0,64.0
497,1423,216.0,56.0
486,1299,312.0,56.0
287,1526,288.0,56.0
483,1337,336.0,120.0
310,1385,296.0,56.0
393,1476,288.0,64.0
397,1353,256.0,72.0
492,1464,320.0,56.0
308,1396,296.0,56.0
327,1495,296.0,56.0
489,1505,304.0,112.0
338,1467,312.0,80.0
389,1457,280.0,72.0
441,1532,368.0,72.0
258,1370,304.0,56.0
278,322,183.0,57.0
294,446,252.0,354.0
299,314,180.0,72.0
450,355,219.0,84.0
443,312,219.0,81.0
284,360,159.0,108.0
498,470,237.0,75.0
471,371,252.0,105.0
404,333,207.0,114.0
503,410,258.0,105.0
470,436,207.0,60.0
463,506,213.0,63.0
296,486,225.0,54.0
269,276,231.0,90.0
450,274,264.0,69.0
357,481,207.0,57.0
504,449,252.0,78.0
826,326,258.0,888.0
837,444,222.0,216.0
962,386,234.0,90.0
891,410,240.0,144.0
954,463,222.0,360.0
953,287,246.0,252.0
980,445,222.0,108.0
837,276,222.0,300.0
869,286,246.0,72.0
827,296,204.0,120.0
905,303,258.0,156.0
874,322,204.0,60.0
885,473,216.0,186.0
811,503,228.0,468.0
860,391,240.0,60.0
881,289,246.0,96.0
962,501,210.0,318.0
835,392,240.0,144.0
898,436,246.0,228.0
802,456,234.0,174.0
881,442,258.0,84.0
879,499,234.0,60.0
899,490,228.0,84.0
985,502,294.0,150.0
861,445,240.0,132.0
938,503,396.0,564.0
801,400,252.0,102.0
976,398,210.0,60.0
971,479,216.0,54.0
818,456,216.0,72.0
837,469,258.0,120.0
979,376,234.0,90.0
984,461,186.0,54.0
927,442,198.0,54.0
997,290,252.0,66.0
841,407,216.0,72.0
826,398,240.0,102.0
843,378,234.0,84.0
824,268,216.0,54.0
850,489,258.0,72.0
822,487,222.0,66.0
877,406,204.0,84.0
970,423,216.0,54.0
1000,427,186.0,54.0
947,413,240.0,108.0
952,359,252.0,108.0
865,328,204.0,102.0
772,376,192.0,72.0
894,302,258.0,60.0
818,473,216.0,90.0
906,499,234.0,72.0
795,456,234.0,90.0
992,276,210.0,54.0
918,352,252.0,54.0
894,263,234.0,72.0
845,330,228.0,54.0
912,346,252.0,78.0
771,471,246.0,60.0
1018,332,270.0,54.0
916,379,222.0,66.0
819,347,246.0,72.0
560,281,288.0,348.0
598,430,244.0,368.0
576,305,236.0,64.0
686,448,208.0,88.0
598,471,168.0,176.0
714,374,248.0,192.0
580,373,232.0,172.0
530,447,220.0,128.0
564,445,220.0,124.0
599,361,216.0,152.0
551,455,236.0,164.0
604,340,216.0,412.0
574,348,240.0,156.0
682,496,244.0,324.0
758,272,272.0,184.0
651,290,244.0,96.0
730,434,208.0,80.0
738,340,252.0,116.0
639,269,244.0,132.0
527,322,200.0,156.0
605,384,224.0,64.0
590,439,244.0,52.0
539,484,212.0,88.0
714,439,208.0,52.0
585,411,248.0,132.0
578,288,208.0,96.0
582,329,240.0,72.0
605,329,224.0,80.0
709,367,248.0,124.0
1412,467,190.0,125.0
1336,283,217.5,55.0
1447,331,237.5,52.5
1288,421,237.5,82.5
1312,366,235.0,102.5
1297,286,247.5,145.0
1523,429,270.0,110.0
1467,356,217.5,80.0
1352,325,205.0,62.5
1431,493,250.0,60.0
1460,404,197.5,75.0
1509,307,215.0,60.0
1499,262,227.5,65.0
1325,413,197.5,285.0
1389,306,232.5,90.0
1375,443,220.0,82.5
1382,274,217.5,80.0
1367,362,205.0,52.5
1437,440,225.0,77.5
1435,321,227.5,62.5
1287,367,255.0,110.0
1384,427,220.0,60.0
1358,354,210.0,77.5
1328,503,187.5,130.0
1463,385,192.5,52.5
1302,313,225.0,50.0
1497,439,277.5,82.5
1284,381,267.5,80.0
1311,441,215.0,77.5
1311,340,225.0,52.5
1529,288,265.0,50.0
1468,375,227.5,60.0
1401,471,205.0,55.0
1427,442,225.0,57.5
1391,437,187.5,57.5
1524,420,257.5,70.0
1515,421,227.5,65.0
1564,1080,206.0,66.0
1604,1036,214.0,88.0
1694,1028,280.0,74.0
1736,1220,246.0,86.0
1729,1061,272.0,80.0
1638,1046,224.0,112.0
1557,1244,308.0,76.0
1619,1129,292.0,82.0
1762,1216,234.0,72.0
1759,1195,194.0,62.0
1758,1065,264.0,88.0
1686,1233,298.0,70.0
1542,1164,290.0,122.0
1623,1193,248.0,114.0
1650,1130,298.0,118.0
1664,1211,300.0,60.0
1610,1235,282.0,92.0
1785,1076,270.0,96.0
1650,1248,306.0,80.0
1726,1247,260.0,124.0
1662,1133,302.0,110.0
1664,1243,288.0,62.0
1625,1033,230.0,54.0
1717,1164,310.0,108.0
1787,1112,262.0,92.0
1627,1256,268.0,54.0
1576,1050,180.0,68.0
1591,1041,210.0,98.0
1700,1198,310.0,56.0
1627,1213,274.0,52.0
1663,1037,264.0,50.0
1784,1104,256.0,54.0
1577,1175,282.0,56.0
1724,1151,296.0,52.0
1617,1107,268.0,58.0
1712,1275,278.0,50.0
1648,1040,236.0,52.0
1573,1239,304.0,50.0
1725,1260,246.0,60.0
1116,71,208.0,304.0
1119,241,232.0,92.0
1126,11,224.0,104.0
1052,116,252.0,256.0
1032,221,252.0,76.0
1161,177,144.0,68.0
1185,22,212.0,52.0
1215,12,244.0,92.0
1138,11,232.0,400.0
1212,168,216.0,84.0
1243,61,200.0,164.0
1029,84,212.0,92.0
1219,144,248.0,108.0
1046,235,260.0,144.0
1115,34,200.0,88.0
1031,99,232.0,52.0
1248,42,232.0,60.0
1058,82,188.0,112.0
1237,155,224.0,52.0
1132,43,216.0,64.0
1033,143,184.0,68.0
1104,64,204.0,76.0
1135,25,204.0,136.0
1074,211,228.0,52.0
1040,92,232.0,84.0
1224,11,264.0,52.0
1152,249,280.0,84.0
1238,23,260.0,56.0
1036,169,256.0,52.0
1914,621,275.0,232.5
1850,678,205.0,77.5
1843,557,277.5,150.0
1907,656,262.5,115.0
1873,653,270.0,172.5
1905,714,257.5,127.5
1862,606,290.0,90.0
1880,547,222.5,87.5
1854,579,270.0,62.5
1857,525,187.5,117.5
1925,570,270.0,85.0
1903,598,255.0,147.5
1892,553,217.5,55.0
1862,635,277.5,190.0
1861,621,277.5,137.5
1858,658,270.0,100.0
1906,746,265.0,65.0
1868,542,242.5,67.5
1819,584,270.0,77.5
1926,549,255.0,72.5
1829,625,242.5,50.0
1927,657,247.5,50.0
1877,707,265.0,55.0
1938,573,232.5,62.5
1916,702,270.0,132.5
1823,739,280.0,65.0
335,56,182.0,134.0
396,74,206.0,170.0
410,76,212.0,224.0
287,201,240.0,80.0
368,171,194.0,58.0
477,18,244.0,134.0
405,97,222.0,74.0
293,156,240.0,50.0
319,205,214.0,84.0
426,160,240.0,102.0
503,242,204.0,70.0
481,55,218.0,104.0
422,170,220.0,62.0
345,216,230.0,50.0
295,206,230.0,58.0
333,121,248.0,64.0
381,56,228.0,54.0
506,68,240.0,76.0
1158,891,228.0,93.0
1113,994,192.0,66.0
1146,910,219.0,105.0
1105,840,237.0,369.0
1259,796,210.0,90.0
1091,816,234.0,69.0
1076,887,246.0,117.0
1244,1010,240.0,75.0
1142,881,195.0,54.0
1113,812,237.0,72.0
1063,954,228.0,72.0
1197,892,192.0,75.0
1032,881,216.0,93.0
1115,854,222.0,84.0
1076,907,249.0,102.0
1043,935,225.0,72.0
1117,918,219.0,93.0
1151,861,204.0,72.0
1227,936,177.0,51.0
1154,832,234.0,63.0
1074,824,240.0,51.0
1115,1019,318.0,99.0
91,1716,232.0,768.0
54,1695,224.0,136.0
209,1592,280.0,152.0
168,1701,264.0,176.0
38,1628,256.0,72.0
221,1632,312.0,592.0
184,1742,232.0,56.0
151,1564,264.0,224.0
63,1680,224.0,120.0
180,1565,280.0,72.0
192,1596,280.0,112.0
64,1633,232.0,56.0
150,1591,296.0,144.0
37,1723,256.0,88.0
95,1609,184.0,104.0
245,1608,272.0,120.0
25,1578,248.0,128.0
167,1741,288.0,80.0
59,1717,248.0,88.0
70,1586,184.0,80.0
35,1730,256.0,104.0
243,1719,248.0,168.0
167,1622,240.0,80.0
95,1694,224.0,120.0
24,1711,248.0,64.0
171,1558,272.0,64.0
145,1669,216.0,56.0
16,1540,320.0,88.0
212,1553,288.0,96.0
82,1632,264.0,64.0
112,1777,224.0,56.0
206,1610,280.0,56.0
201,1551,272.0,104.0
149,1622,248.0,56.0
200,1538,616.0,616.0
229,1565,312.0,64.0
110,1153,207.0,69.0
196,1238,243.0,321.0
148,1253,234.0,72.0
23,1203,237.0,117.0
129,1177,216.0,87.0
135,1243,219.0,105.0
124,1098,171.0,87.0
217,1084,231.0,123.0
237,1057,192.0,66.0
190,1134,255.0,87.0
139,1068,261.0,150.0
154,1197,198.0,69.0
225,1114,192.0,69.0
233,1198,246.0,141.0
160,1261,234.0,75.0
4,1234,306.0,327.0
23,1224,246.0,87.0
17,1188,225.0,72.0
115,1260,210.0,87.0
178,1223,237.0,135.0
127,1057,273.0,51.0
187,1121,222.0,90.0
214,1205,240.0,72.0
55,1273,255.0,54.0
191,1258,237.0,84.0
202,1180,246.0,84.0
74,1116,222.0,87.0
182,1237,246.0,51.0
103,1061,234.0,108.0
126,1195,189.0,99.0
63,1045,216.0,69.0
43,1235,258.0,63.0
432,971,290.0,1330.0
287,919,250.0,270.0
342,915,230.0,80.0
361,814,290.0,520.0
310,785,230.0,210.0
344,799,260.0,330.0
306,840,220.0,130.0
352,850,220.0,140.0
316,964,280.0,240.0
485,942,250.0,180.0
467,814,250.0,90.0
288,796,260.0,100.0
279,1018,190.0,90.0
480,1018,280.0,60.0
488,842,210.0,60.0
466,882,260.0,90.0
468,924,250.0,90.0
471,943,250.0,80.0
340,884,240.0,110.0
403,798,270.0,70.0
499,1015,280.0,60.0
471,898,240.0,100.0
338,845,230.0,50.0
326,933,250.0,50.0
491,894,270.0,110.0
395,968,280.0,50.0
442,785,280.0,70.0
369,951,250.0,50.0
278,799,250.0,60.0
369,828,240.0,60.0
441,893,290.0,50.0
411,791,280.0,50.0
482,888,280.0,60.0
410,929,200.0,70.0
1584,1299,219.0,156.0
1555,1371,291.0,237.0
1628,1316,264.0,63.0
1707,1317,210.0,81.0
1600,1423,237.0,69.0
1630,1403,204.0,69.0
1583,1474,270.0,87.0
1549,1404,162.0,57.0
1658,1298,273.0,90.0
1561,1399,231.0,60.0
1602,1435,228.0,51.0
1580,1389,186.0,54.0
1654,1367,240.0,159.0
1561,1302,270.0,111.0
1585,1369,168.0,63.0
1619,1369,156.0,93.0
1671,1347,234.0,99.0
1649,1348,240.0,69.0
1674,1321,270.0,69.0
1546,1478,270.0,63.0
1651,1378,234.0,75.0
1546,1533,306.0,69.0
527,559,215.0,650.0
534,527,205.0,50.0
559,659,210.0,165.0
710,599,225.0,115.0
676,681,190.0,275.0
676,722,245.0,145.0
547,744,240.0,85.0
603,545,200.0,210.0
752,707,215.0,50.0
633,714,225.0,105.0
706,530,235.0,75.0
609,645,210.0,65.0
757,723,190.0,60.0
683,520,225.0,80.0
739,715,230.0,75.0
760,705,220.0,60.0
647,516,245.0,55.0
1133,1154,280.0,328.0
1046,1109,400.0,880.0
1082,1168,320.0,120.0
1159,1141,272.0,280.0
1041,1151,416.0,728.0
1093,1147,376.0,248.0
1055,1187,312.0,544.0
1093,1129,488.0,240.0
1165,1170,168.0,112.0
1067,1094,360.0,632.0
1145,1091,248.0,136.0
1116,1115,328.0,224.0
1072,1066,336.0,408.0
1100,1095,336.0,312.0
1141,1253,280.0,128.0
1133,1068,304.0,104.0
1088,1090,328.0,104.0
1130,1045,248.0,192.0
1229,1269,296.0,64.0
1070,1146,384.0,264.0
1031,1205,312.0,584.0
1031,1244,296.0,56.0
1047,1125,352.0,312.0
1238,1126,232.0,128.0
1103,1078,320.0,144.0
1113,1173,296.0,128.0
1229,1077,208.0,88.0
1261,1060,216.0,72.0
1220,1127,248.0,64.0
1060,1176,344.0,320.0
1084,1270,280.0,64.0
1084,1068,304.0,96.0
1117,1127,328.0,280.0
1083,1107,408.0,128.0
1033,1129,360.0,144.0
1200,1038,192.0,112.0
1137,1109,312.0,112.0
1026,1117,464.0,304.0
1173,1118,216.0,88.0
1083,1157,328.0,112.0
1120,1035,256.0,96.0
1219,1268,296.0,72.0
1098,1116,408.0,216.0
1272,1041,232.0,80.0
1126,1067,288.0,88.0
1053,1060,304.0,72.0
1079,1121,424.0,288.0
1089,1039,232.0,88.0
1112,1139,352.0,232.0
1128,1077,256.0,80.0
1063,1069,328.0,80.0
1096,1068,304.0,96.0
1073,1138,488.0,216.0
1105,1128,336.0,104.0
1134,1080,240.0,56.0
1174,1274,256.0,56.0
1059,1142,376.0,104.0
1103,1142,376.0,88.0
1108,1117,312.0,128.0
1119,1089,304.0,72.0
1106,1156,344.0,72.0
1100,1051,296.0,56.0
1078,1089,360.0,144.0
1115,1105,328.0,56.0
1026,1124,400.0,144.0
1065,1152,384.0,80.0
1047,1169,416.0,80.0
1053,1096,368.0,64.0
1113,1057,280.0,56.0
1142,1057,304.0,96.0
1089,1106,376.0,72.0
1303,217,215.0,52.5
1356,149,247.5,87.5
1475,90,215.0,62.5
1335,6,252.5,275.0
1389,60,177.5,272.5
1363,48,205.0,67.5
1290,17,250.0,70.0
1523,248,265.0,80.0
1435,99,212.5,67.5
1403,117,240.0,127.5
1374,144,245.0,112.5
1455,201,270.0,85.0
1337,207,202.5,67.5
1383,45,205.0,110.0
1403,144,227.5,137.5
1369,196,187.5,57.5
1375,133,250.0,70.0
1459,231,255.0,120.0
1286,134,245.0,62.5
1442,170,257.5,152.5
1500,124,177.5,85.0
1457,215,255.0,115.0
1311,17,220.0,50.0
1287,32,250.0,52.5
1447,186,232.5,80.0
1518,47,272.5,55.0
1491,246,237.5,67.5
1480,214,267.5,55.0
1526,8,287.5,55.0
1405,3,247.5,60.0
1349,36,240.0,92.5
1498,38,217.5,75.0
803,1001,250.0,215.0
862,843,205.0,60.0
972,821,205.0,85.0
884,837,205.0,120.0
849,785,245.0,100.0
832,793,250.0,715.0
816,821,200.0,185.0
957,841,245.0,60.0
924,794,235.0,680.0
861,975,200.0,115.0
928,882,205.0,90.0
817,899,195.0,65.0
781,866,240.0,125.0
789,916,250.0,80.0
788,839,255.0,100.0
776,846,245.0,165.0
793,896,270.0,50.0
984,848,220.0,55.0
773,818,240.0,105.0
817,787,250.0,105.0
798,963,285.0,55.0
1007,783,195.0,90.0
775,809,200.0,75.0
1007,1011,215.0,90.0
837,945,200.0,90.0
820,829,200.0,60.0
991,996,200.0,70.0
945,956,220.0,80.0
895,849,205.0,55.0
1016,929,225.0,70.0
912,894,215.0,50.0
878,780,200.0,65.0
1577,865,237.5,257.5
1654,964,220.0,67.5
1551,866,232.5,107.5
1572,827,277.5,97.5
1551,951,240.0,122.5
1669,788,187.5,77.5
1576,1011,230.0,125.0
1775,1004,237.5,165.0
1740,872,250.0,60.0
1725,971,275.0,67.5
1712,890,287.5,87.5
1545,916,247.5,112.5
1770,863,280.0,105.0
1748,975,292.5,77.5
1580,797,272.5,125.0
1566,806,187.5,50.0
1570,845,265.0,70.0
1732,929,240.0,157.5
1760,969,292.5,127.5
1783,1015,235.0,70.0
1718,864,260.0,125.0
1679,838,217.5,67.5
1779,959,300.0,75.0
1768,905,220.0,62.5
1772,930,262.5,102.5
1603,851,210.0,57.5
1713,832,257.5,95.0
1763,794,207.5,57.5
1777,985,255.0,67.5
1591,772,282.5,62.5
1639,773,260.0,77.5
1643,865,212.5,80.0
1741,912,250.0,50.0
1705,774,225.0,62.5
1718,897,280.0,100.0
1568,1003,207.5,72.5
1581,1019,227.5,62.5
1787,877,305.0,115.0
1730,951,247.5,102.5
1558,771,250.0,60.0
166,1368,232.0,392.0
235,1346,272.0,968.0
50,1468,224.0,408.0
11,1407,240.0,376.0
115,1483,288.0,152.0
89,1443,232.0,88.0
188,1336,208.0,624.0
159,1473,256.0,144.0
53,1438,200.0,96.0
123,1442,288.0,160.0
218,1369,232.0,184.0
88,1479,288.0,56.0
247,1508,264.0,80.0
39,1290,216.0,56.0
220,1431,304.0,104.0
111,1434,296.0,72.0
217,1512,288.0,64.0
185,1419,296.0,184.0
237,1417,280.0,64.0
204,1398,256.0,56.0
184,1471,304.0,96.0
218,1351,216.0,104.0
40,1358,264.0,128.0
122,1359,248.0,80.0
153,1316,264.0,80.0
109,1463,248.0,120.0
223,1505,288.0,56.0
57,1478,248.0,56.0
109,1447,272.0,88.0
75,1357,280.0,184.0
149,1346,240.0,120.0
205,1436,328.0,104.0
141,1424,320.0,120.0
113,1398,272.0,96.0
239,1430,280.0,104.0
98,1514,248.0,64.0
234,1398,280.0,56.0
127,1426,296.0,200.0
85,1497,272.0,64.0
100,1502,272.0,72.0
186,1517,312.0,96.0
201,1478,296.0,64.0
238,1495,272.0,56.0
92,1355,248.0,64.0
140,1518,320.0,184.0
250,1361,320.0,168.0
226,1530,264.0,56.0
245,1526,280.0,64.0
124,1469,272.0,80.0
143,1503,304.0,64.0
189,1528,312.0,56.0
25,1460,232.0,72.0
142,1392,320.0,80.0
223,1466,280.0,56.0
134,1400,344.0,96.0
83,1283,288.0,64.0
124,1401,232.0,80.0
141,1285,248.0,64.0
239,1377,272.0,64.0
105,1436,272.0,64.0
1806,1071,205.5,73.5
1810,1050,204.0,126.0
606,1403,270.0,1490.0
617,1456,230.0,150.0
631,1389,270.0,120.0
673,1421,240.0,110.0
651,1479,250.0,90.0
599,1368,250.0,60.0
545,1516,270.0,120.0
621,1323,260.0,60.0
571,1314,270.0,60.0
585,1318,240.0,100.0
733,1338,250.0,80.0
519,1377,270.0,100.0
741,1523,260.0,80.0
667,1387,240.0,70.0
533,1497,290.0,80.0
601,1446,250.0,120.0
734,1307,270.0,70.0
527,1394,300.0,170.0
636,1404,240.0,70.0
623,1427,220.0,50.0
680,1473,260.0,50.0
553,1297,290.0,100.0
629,1417,220.0,60.0
621,1509,240.0,50.0
647,1453,290.0,100.0
674,1451,190.0,80.0
762,1288,310.0,120.0
605,1319,240.0,50.0
625,1517,230.0,50.0
651,1388,260.0,50.0
564,1480,300.0,80.0
530,1414,270.0,60.0
593,1454,270.0,60.0
681,1317,230.0,50.0
607,1518,230.0,90.0
657,1410,220.0,60.0
733,1485,280.0,60.0
753,1404,230.0,60.0
579,1475,300.0,70.0
616,1472,280.0,60.0
681,1403,240.0,60.0
640,1296,290.0,60.0
540,1297,310.0,50.0
620,1286,240.0,70.0
724,1484,280.0,70.0
569,1487,260.0,70.0
536,1444,290.0,80.0
743,1339,270.0,70.0
744,1327,310.0,50.0
514,1286,280.0,60.0
515,1348,300.0,50.0
583,1467,300.0,50.0
683,1524,240.0,50.0
1438,925,235.0,107.5
1365,956,225.0,62.5
1330,822,177.5,192.5
1334,855,197.5,55.0
1308,959,212.5,190.0
1529,902,215.0,327.5
1297,977,222.5,90.0
1285,826,207.5,65.0
1425,976,210.0,152.5
1497,865,240.0,60.0
1468,816,230.0,122.5
1495,980,237.5,67.5
1490,1011,257.5,202.5
1301,930,205.0,50.0
1384,955,212.5,52.5
1368,805,162.5,135.0
1480,951,232.5,77.5
1334,993,195.0,122.5
1516,904,220.0,100.0
1421,909,225.0,52.5
1518,955,222.5,100.0
1463,912,222.5,77.5
1352,939,225.0,70.0
1342,814,162.5,50.0
1523,946,227.5,77.5
1482,902,230.0,57.5
1530,866,255.0,57.5
1521,916,245.0,100.0
1529,880,250.0,115.0
1316,880,180.0,77.5
1502,943,220.0,57.5
1511,908,245.0,70.0
1524,783,277.5,115.0
1509,840,202.5,55.0
1483,992,235.0,65.0
1471,1016,245.0,77.5
1339,941,207.5,80.0
1516,1008,230.0,80.0
1356,868,230.0,117.5
1489,783,235.0,62.5
1007,51,210.0,55.0
968,239,227.5,60.0
921,68,255.0,165.0
982,158,257.5,82.5
1004,161,275.0,180.0
891,6,242.5,102.5
796,91,295.0,135.0
845,241,225.0,57.5
812,58,255.0,207.5
798,69,277.5,65.0
823,188,230.0,112.5
812,199,200.0,82.5
788,164,217.5,75.0
868,6,237.5,87.5
779,74,307.5,190.0
905,138,232.5,112.5
904,228,230.0,85.0
852,34,237.5,192.5
1012,36,172.5,85.0
846,164,180.0,95.0
983,88,240.0,52.5
860,215,205.0,92.5
857,141,252.5,52.5
912,132,232.5,80.0
775,207,232.5,55.0
779,117,220.0,62.5
844,132,232.5,82.5
880,65,270.0,87.5
869,67,267.5,62.5
780,61,335.0,60.0
918,103,217.5,65.0
995,208,200.0,65.0
996,21,210.0,50.0
908,55,260.0,52.5
979,70,205.0,50.0
779,106,232.5,52.5
957,180,270.0,60.0
953,249,252.5,82.5
823,44,235.0,65.0
919,120,200.0,57.5
871,80,250.0,52.5
1009,148,255.0,50.0
906,81,255.0,80.0
808,117,252.5,80.0
1018,165,192.5,50.0
814,47,245.0,50.0
1405,1370,230.0,95.0
1311,1334,267.5,57.5
1309,1396,277.5,170.0
1329,1415,230.0,85.0
1339,1493,307.5,172.5
1297,1303,265.0,75.0
1463,1360,210.0,57.5
1375,1345,247.5,55.0
1297,1511,190.0,72.5
1309,1368,260.0,87.5
1289,1431,230.0,82.5
1361,1492,282.5,95.0
1332,1314,292.5,62.5
1317,1453,175.0,50.0
1477,1471,290.0,95.0
1447,1483,277.5,60.0
1376,1509,270.0,62.5
1519,1531,255.0,75.0
1523,1504,237.5,130.0
1285,1371,292.5,122.5
1469,1311,267.5,67.5
1294,1351,277.5,172.5
1383,1349,222.5,72.5
1463,1522,277.5,65.0
1353,1367,237.5,110.0
1530,1444,235.0,100.0
1523,1339,145.0,57.5
1409,1286,222.5,90.0
1360,1511,270.0,57.5
1440,1492,270.0,117.5
1324,1356,205.0,80.0
1475,1322,232.5,50.0
1429,1379,250.0,60.0
1368,1381,232.5,72.5
1337,1345,235.0,67.5
1392,1373,255.0,70.0
1504,1485,260.0,77.5
1424,1421,200.0,60.0
1304,1322,312.5,52.5
1447,1442,297.5,90.0
1313,1314,312.5,75.0
1475,1524,275.0,65.0
1304,1289,260.0,50.0
1523,1456,277.5,50.0
1401,1329,200.0,50.0
1531,1385,322.5,180.0
1389,1447,287.5,72.5
1345,1465,282.5,60.0
1930,177,210.0,130.0
1863,147,242.5,252.5
1883,163,230.0,80.0
1811,70,265.0,145.0
1906,139,255.0,175.0
1877,23,305.0,50.0
1836,189,200.0,92.5
1822,84,265.0,97.5
1883,38,290.0,90.0
1837,70,275.0,70.0
1837,80,267.5,85.0
1798,171,240.0,77.5
1887,74,232.5,100.0
1888,18,302.5,102.5
1843,178,197.5,72.5
1823,230,235.0,77.5
1892,48,280.0,67.5
572,886,315.0,1980.0
665,944,270.0,555.0
740,882,255.0,300.0
758,814,255.0,165.0
642,793,180.0,150.0
597,997,225.0,1710.0
724,801,225.0,90.0
698,1001,300.0,1140.0
733,875,240.0,435.0
680,810,225.0,90.0
605,793,255.0,420.0
598,859,300.0,90.0
659,983,300.0,135.0
618,870,300.0,195.0
648,868,255.0,120.0
580,847,195.0,90.0
588,881,255.0,120.0
698,849,180.0,105.0
629,989,270.0,90.0
646,858,255.0,180.0
550,888,270.0,120.0
707,934,285.0,180.0
658,911,225.0,165.0
594,1017,165.0,60.0
607,944,285.0,120.0
590,906,285.0,135.0
659,929,240.0,75.0
630,923,210.0,120.0
761,832,300.0,195.0
690,1015,300.0,120.0
561,986,255.0,105.0
543,961,255.0,75.0
583,903,285.0,60.0
515,781,300.0,195.0
664,889,240.0,90.0
712,916,270.0,60.0
672,828,240.0,60.0
517,952,270.0,60.0
628,1007,210.0,75.0
643,914,180.0,105.0
744,957,240.0,60.0
647,844,240.0,75.0
649,973,255.0,60.0
601,933,270.0,60.0
656,1004,270.0,75.0
600,99,218.0,156.0
628,117,208.0,96.0
716,19,242.0,82.0
743,63,242.0,122.0
555,196,198.0,260.0
553,152,220.0,64.0
742,76,210.0,136.0
644,138,182.0,204.0
748,221,252.0,144.0
731,22,240.0,80.0
570,138,220.0,166.0
706,243,228.0,60.0
745,23,244.0,82.0
730,149,220.0,68.0
543,88,234.0,74.0
643,79,186.0,60.0
761,123,212.0,58.0
710,82,174.0,52.0
744,206,242.0,54.0
519,188,222.0,56.0
658,134,190.0,56.0
570,157,216.0,60.0
606,136,212.0,74.0
523,55,238.0,50.0
712,193,212.0,50.0
526,69,244.0,94.0
627,234,244.0,52.0
308,728,210.0,200.0
276,612,214.0,118.0
287,729,212.0,114.0
299,632,194.0,138.0
441,660,192.0,116.0
472,757,212.0,60.0
279,535,250.0,74.0
296,545,222.0,82.0
317,548,204.0,82.0
283,753,196.0,50.0
461,744,214.0,58.0
308,591,254.0,136.0
271,669,170.0,60.0
434,712,268.0,62.0
376,763,208.0,54.0
1421,713,270.0,470.0
1487,532,260.0,640.0
1370,642,200.0,85.0
1466,703,235.0,50.0
1460,728,215.0,60.0
1391,613,255.0,195.0
1437,690,255.0,140.0
1370,521,210.0,110.0
1391,693,260.0,75.0
1493,712,265.0,60.0
1520,575,290.0,70.0
1365,604,235.0,100.0
1387,752,215.0,55.0
1301,560,205.0,90.0
1331,574,205.0,55.0
1389,586,225.0,165.0
1295,734,245.0,55.0
1520,526,255.0,190.0
1415,547,255.0,60.0
1477,676,220.0,55.0
1464,651,245.0,65.0
1285,731,240.0,70.0
1380,539,190.0,75.0
1483,648,200.0,65.0
1403,676,225.0,50.0
1353,673,230.0,95.0
1496,593,290.0,80.0
1419,602,260.0,55.0
1487,575,285.0,130.0
1454,528,260.0,75.0
1309,654,250.0,80.0
1459,621,250.0,100.0
1526,689,255.0,50.0
1523,708,305.0,95.0
1500,550,265.0,55.0
1333,695,210.0,55.0
1314,603,195.0,65.0
1318,572,210.0,50.0
1319,702,260.0,50.0
1340,718,240.0,90.0
264,1624,290.0,1480.0
351,1635,220.0,490.0
459,1567,300.0,130.0
349,1694,190.0,60.0
406,1588,270.0,500.0
333,1617,170.0,150.0
437,1635,270.0,100.0
475,1771,300.0,190.0
421,1548,310.0,130.0
385,1562,200.0,230.0
303,1657,270.0,80.0
296,1641,320.0,510.0
347,1672,250.0,140.0
284,1621,290.0,190.0
383,1611,220.0,180.0
473,1699,280.0,110.0
367,1704,200.0,100.0
495,1628,280.0,340.0
501,1785,300.0,130.0
435,1624,260.0,130.0
309,1753,220.0,70.0
448,1782,280.0,120.0
422,1599,270.0,80.0
272,1703,180.0,70.0
264,1554,290.0,50.0
348,1581,260.0,110.0
408,1611,210.0,70.0
408,1545,310.0,50.0
273,1725,220.0,170.0
358,1553,290.0,90.0
387,1646,240.0,110.0
491,1673,310.0,50.0
337,1547,300.0,120.0
477,1565,260.0,90.0
313,1541,350.0,50.0
448,1599,260.0,120.0
445,1566,300.0,60.0
309,1649,320.0,50.0
316,1552,330.0,100.0
466,1768,300.0,160.0
457,1601,230.0,60.0
299,1757,220.0,50.0
472,1741,260.0,50.0
342,1565,330.0,70.0
469,1555,290.0,80.0
332,1571,290.0,70.0
504,1682,270.0,50.0
452,1679,280.0,120.0
354,1649,230.0,50.0
297,1569,260.0,70.0
444,1621,250.0,50.0
274,1785,270.0,50.0
275,1560,260.0,50.0
269,1603,230.0,100.0
413,1638,250.0,50.0
264,1567,270.0,100.0
258,1780,270.0,60.0
300,1624,290.0,150.0
293,1621,290.0,50.0
437,1787,270.0,50.0
483,1543,320.0,50.0
490,1772,310.0,80.0
445,1697,290.0,80.0
41,283,217.5,97.5
28,324,200.0,302.5
187,497,190.0,62.5
111,462,215.0,122.5
179,389,197.5,105.0
179,459,215.0,117.5
91,372,180.0,77.5
147,300,235.0,120.0
219,373,250.0,137.5
84,334,242.5,132.5
9,308,222.5,70.0
148,264,235.0,50.0
96,329,242.5,60.0
127,450,180.0,62.5
241,349,240.0,100.0
70,490,247.5,52.5
236,336,225.0,60.0
158,395,195.0,50.0
135,309,245.0,65.0
209,329,210.0,67.5
198,350,245.0,130.0
35,426,192.5,67.5
102,504,245.0,70.0
247,342,240.0,57.5
211,302,187.5,97.5
1108,1870,195.0,93.0
1073,1903,198.0,351.0
1169,1853,249.0,327.0
1171,1821,288.0,219.0
1230,1829,231.0,57.0
1118,1898,207.0,102.0
1084,1928,240.0,114.0
1191,1863,201.0,177.0
1136,1846,201.0,117.0
1180,1840,270.0,75.0
1057,1951,243.0,75.0
1129,1816,204.0,69.0
1062,1930,237.0,75.0
1265,1807,255.0,63.0
1096,1921,222.0,78.0
1146,1802,270.0,153.0
1228,1821,207.0,69.0
1076,744,235.0,720.0
1207,691,220.0,580.0
1045,636,255.0,185.0
1175,635,230.0,80.0
1093,744,220.0,150.0
1146,727,220.0,55.0
1094,648,245.0,95.0
1112,582,255.0,120.0
1059,702,230.0,120.0
1034,556,220.0,75.0
1106,556,225.0,115.0
1155,680,205.0,65.0
1050,744,195.0,65.0
1064,760,205.0,50.0
1210,579,215.0,305.0
1070,635,230.0,60.0
1199,585,240.0,70.0
1111,760,205.0,60.0
1259,676,170.0,50.0
1064,685,255.0,60.0
1028,519,245.0,65.0
1067,728,225.0,60.0
1145,629,225.0,55.0
1232,726,205.0,65.0
1231,668,200.0,70.0
1074,762,215.0,55.0
1198,741,210.0,60.0
1082,529,255.0,65.0
1044,666,205.0,55.0
1046,620,290.0,55.0
1276,575,245.0,65.0
1924,388,254.0,124.0
1929,455,202.0,74.0
1935,475,178.0,68.0
1904,399,270.0,72.0
1930,332,256.0,84.0
1921,442,182.0,76.0
1875,479,230.0,58.0
1802,300,260.0,56.0
1902,385,270.0,160.0
1886,381,240.0,56.0
1825,259,246.0,112.0
1821,386,272.0,90.0
1829,298,264.0,82.0
1916,324,244.0,54.0
1832,288,256.0,72.0
1929,353,216.0,62.0
937,746,220.0,695.0
779,656,215.0,545.0
976,702,225.0,55.0
1007,671,215.0,125.0
919,588,240.0,110.0
851,749,245.0,60.0
935,706,230.0,105.0
945,689,220.0,65.0
1013,621,200.0,80.0
955,629,225.0,60.0
782,714,185.0,50.0
995,742,195.0,50.0
978,554,240.0,130.0
948,552,225.0,50.0
873,583,245.0,65.0
939,591,235.0,70.0
820,726,245.0,55.0
910,679,220.0,55.0
771,571,250.0,50.0
814,759,255.0,95.0
963,690,220.0,65.0
962,671,265.0,55.0
883,690,230.0,80.0
1598,237,255.0,155.0
1595,213,235.0,55.0
1681,193,165.0,50.0
1616,214,205.0,345.0
1702,96,240.0,65.0
1596,197,235.0,250.0
1610,64,200.0,125.0
1554,51,265.0,490.0
1767,28,240.0,50.0
1697,84,290.0,55.0
1636,34,195.0,90.0
1743,93,235.0,65.0
1636,109,260.0,125.0
1574,156,215.0,50.0
1686,29,265.0,545.0
1665,93,265.0,70.0
1619,54,230.0,75.0
1709,209,235.0,55.0
1748,65,205.0,85.0
1632,25,225.0,80.0
1579,245,225.0,55.0
1711,222,225.0,55.0
1705,68,275.0,50.0
1628,210,175.0,75.0
1633,238,230.0,60.0
1539,95,210.0,130.0
1548,243,275.0,60.0
1728,199,215.0,80.0
1635,15,295.0,55.0
1546,203,220.0,50.0
1538,116,275.0,50.0
1884,832,210.0,55.0
1846,912,295.0,97.5
1834,987,272.5,100.0
1823,925,297.5,142.5
1903,781,230.0,150.0
1859,913,262.5,57.5
1831,868,235.0,85.0
1865,783,177.5,125.0
1818,978,282.5,112.5
1837,970,295.0,72.5
1875,878,275.0,197.5
1819,986,272.5,90.0
1834,1001,260.0,50.0
1801,972,220.0,87.5
1810,951,287.5,60.0
1874,925,245.0,50.0
1865,861,217.5,67.5
1870,897,255.0,72.5
1823,799,267.5,55.0
1840,960,222.5,52.5
1795,964,295.0,50.0
1797,903,322.5,107.5
1809,891,255.0,55.0
611,1710,232.0,528.0
550,1598,264.0,160.0
528,1698,280.0,1096.0
664,1579,216.0,624.0
714,1591,240.0,96.0
525,1614,272.0,392.0
561,1680,296.0,232.0
596,1770,240.0,184.0
645,1778,280.0,120.0
561,1612,272.0,160.0
593,1611,248.0,96.0
732,1568,264.0,112.0
549,1692,280.0,64.0
678,1783,288.0,232.0
553,1555,296.0,160.0
555,1762,240.0,120.0
743,1761,264.0,80.0
717,1755,304.0,80.0
549,1586,256.0,120.0
588,1676,288.0,104.0
611,1745,248.0,56.0
696,1762,304.0,168.0
557,1717,264.0,56.0
526,1570,272.0,72.0
648,1765,288.0,72.0
519,1767,304.0,128.0
566,1587,240.0,64.0
759,1564,280.0,88.0
515,1602,296.0,64.0
560,1731,280.0,56.0
694,1539,296.0,64.0
543,1612,264.0,56.0
