1069,817,860.0,900.0
1142,864,400.0,350.0
1254,839,520.0,1120.0
1185,943,430.0,330.0
1265,995,570.0,1010.0
1074,972,470.0,580.0
1046,864,610.0,650.0
1217,977,360.0,390.0
1193,1000,580.0,610.0
1163,921,520.0,520.0
1034,986,520.0,420.0
1094,819,380.0,460.0
1050,810,450.0,690.0
1071,852,750.0,840.0
1259,958,510.0,480.0
1120,812,280.0,390.0
1136,794,330.0,590.0
1092,890,280.0,220.0
1032,967,490.0,410.0
1050,831,300.0,300.0
1265,803,270.0,190.0
1106,947,340.0,290.0
1027,832,450.0,320.0
1132,939,250.0,70.0
1161,950,560.0,180.0
1062,950,280.0,120.0
1081,777,280.0,330.0
1038,792,300.0,170.0
1205,798,290.0,220.0
1105,790,900.0,430.0
1159,776,660.0,340.0
1070,936,290.0,160.0
1058,1014,630.0,530.0
1086,793,310.0,270.0
1149,810,580.0,340.0
1193,1016,390.0,250.0
1139,814,580.0,290.0
1086,939,290.0,50.0
1117,882,330.0,140.0
1186,799,300.0,230.0
1193,784,280.0,160.0
1202,863,280.0,60.0
1064,802,860.0,300.0
1212,776,280.0,70.0
1160,817,290.0,230.0
1099,990,220.0,50.0
1056,788,300.0,100.0
1085,960,280.0,180.0
1193,860,280.0,90.0
1055,1003,460.0,230.0
1052,982,380.0,190.0
1212,863,280.0,130.0
1214,963,280.0,60.0
1112,780,980.0,280.0
1197,897,230.0,100.0
1075,796,310.0,70.0
1089,978,260.0,60.0
1274,883,290.0,60.0
1258,854,280.0,110.0
1156,787,330.0,70.0
1065,984,460.0,100.0
1137,772,250.0,90.0
1174,953,560.0,100.0
1170,771,630.0,250.0
1174,947,560.0,100.0
1190,934,430.0,120.0
1241,852,480.0,290.0
1270,776,590.0,260.0
1029,802,720.0,130.0
1154,805,580.0,160.0
1104,778,730.0,150.0
1069,865,300.0,70.0
1100,784,730.0,60.0
1108,773,1190.0,60.0
1580,448,400.0,770.0
1741,426,470.0,1200.0
1772,428,580.0,730.0
1648,332,310.0,310.0
1613,294,450.0,1400.0
1767,335,340.0,430.0
1708,376,490.0,820.0
1710,442,320.0,450.0
1594,384,280.0,530.0
1666,353,280.0,460.0
1675,456,280.0,830.0
1660,298,210.0,370.0
1724,343,240.0,670.0
1565,309,280.0,330.0
1703,478,220.0,110.0
1619,424,250.0,200.0
1590,492,260.0,230.0
1607,315,390.0,470.0
1567,330,280.0,250.0
1723,456,310.0,440.0
1573,428,300.0,300.0
1773,401,210.0,120.0
1657,462,230.0,290.0
1675,370,270.0,70.0
1633,469,300.0,90.0
1573,386,250.0,180.0
1687,356,530.0,130.0
1717,414,530.0,360.0
1745,370,210.0,150.0
1630,310,390.0,320.0
1730,410,530.0,420.0
1700,357,530.0,330.0
1678,263,380.0,160.0
1664,503,260.0,360.0
1755,461,200.0,260.0
1661,489,250.0,300.0
1714,285,240.0,160.0
1558,395,270.0,50.0
1761,377,210.0,100.0
1674,327,240.0,170.0
1721,328,240.0,250.0
1720,467,310.0,250.0
1568,457,310.0,110.0
1585,364,240.0,100.0
1783,460,190.0,50.0
1685,332,250.0,110.0
1648,366,210.0,70.0
1543,409,260.0,50.0
1764,301,210.0,70.0
1564,342,260.0,50.0
1694,374,430.0,250.0
1578,352,260.0,50.0
1701,400,420.0,230.0
1542,273,230.0,50.0
1746,473,170.0,60.0
1756,326,260.0,50.0
1742,436,440.0,130.0
1546,293,320.0,70.0
1538,285,610.0,150.0
1653,322,260.0,50.0
1486,1113,296.0,216.0
1476,1084,672.0,672.0
1493,1215,400.0,656.0
1386,1163,424.0,360.0
1458,1060,456.0,592.0
1331,1033,728.0,488.0
1293,1225,576.0,688.0
1307,1152,384.0,248.0
1396,1107,368.0,240.0
1418,1042,360.0,216.0
1410,1106,312.0,416.0
1376,1102,344.0,176.0
1499,1251,296.0,864.0
1435,1188,264.0,184.0
1513,1150,304.0,1080.0
1341,1160,264.0,224.0
1347,1088,352.0,456.0
1453,1135,240.0,120.0
1388,1142,232.0,88.0
1434,1069,312.0,552.0
1458,1116,232.0,360.0
1507,1031,208.0,120.0
1515,1271,272.0,304.0
1326,1121,552.0,416.0
1363,1126,304.0,144.0
1439,1238,216.0,464.0
1322,1193,216.0,96.0
1334,1269,256.0,360.0
1373,1152,408.0,160.0
1333,1087,336.0,296.0
1526,1216,912.0,544.0
1463,1046,352.0,80.0
1365,1113,304.0,104.0
1421,1191,248.0,56.0
1335,1113,552.0,104.0
1310,1162,352.0,160.0
1292,1163,256.0,64.0
1413,1087,392.0,120.0
1392,1064,248.0,128.0
1423,1089,376.0,304.0
1337,1123,504.0,200.0
1417,1118,304.0,104.0
1517,1225,632.0,400.0
1358,1093,352.0,208.0
1477,1178,216.0,56.0
1363,1027,440.0,56.0
1382,1113,296.0,104.0
1423,1101,304.0,136.0
1518,1232,336.0,88.0
1404,1028,288.0,64.0
1359,1041,248.0,104.0
1438,1035,328.0,80.0
1494,1270,424.0,120.0
1416,1229,248.0,56.0
1456,1027,680.0,96.0
1532,1195,968.0,344.0
1406,1068,280.0,88.0
1401,1064,280.0,80.0
1519,1160,304.0,56.0
1484,1276,384.0,56.0
1413,1097,392.0,64.0
1284,1026,696.0,80.0
1527,1225,912.0,104.0
1531,1210,912.0,128.0
157,751,360.0,1095.0
181,595,480.0,825.0
202,587,675.0,1305.0
243,630,495.0,1140.0
232,603,360.0,1305.0
51,557,270.0,1215.0
101,669,240.0,1365.0
51,742,285.0,315.0
27,595,300.0,690.0
131,638,300.0,915.0
124,606,285.0,1425.0
92,641,240.0,1035.0
132,756,300.0,1110.0
96,584,480.0,1455.0
203,747,795.0,1170.0
56,616,240.0,450.0
216,653,450.0,945.0
34,610,300.0,1185.0
221,554,660.0,1035.0
74,715,270.0,75.0
58,594,285.0,225.0
165,638,255.0,1170.0
99,606,315.0,885.0
152,619,300.0,1365.0
83,687,195.0,330.0
37,534,420.0,1200.0
59,529,255.0,405.0
137,710,240.0,405.0
156,602,300.0,870.0
213,519,510.0,1650.0
221,566,660.0,840.0
218,703,270.0,300.0
197,558,360.0,600.0
39,519,480.0,690.0
171,724,345.0,405.0
248,739,225.0,450.0
117,644,270.0,210.0
33,549,420.0,270.0
217,607,300.0,735.0
106,595,480.0,1260.0
82,518,540.0,930.0
132,664,225.0,180.0
140,520,240.0,135.0
108,517,240.0,75.0
65,727,270.0,195.0
40,752,225.0,135.0
34,571,240.0,165.0
105,713,240.0,105.0
9,731,225.0,60.0
179,608,330.0,255.0
192,691,255.0,90.0
221,674,255.0,60.0
83,604,330.0,150.0
207,759,975.0,405.0
211,637,285.0,180.0
99,552,240.0,90.0
30,582,225.0,60.0
211,598,300.0,195.0
205,700,270.0,60.0
141,725,255.0,75.0
176,758,315.0,60.0
23,523,465.0,435.0
4,722,255.0,165.0
222,756,465.0,105.0
180,566,285.0,60.0
205,643,270.0,90.0
220,542,420.0,120.0
120,705,240.0,75.0
122,697,225.0,90.0
206,538,525.0,225.0
180,741,465.0,225.0
216,588,645.0,120.0
227,625,390.0,195.0
197,762,975.0,150.0
215,759,780.0,120.0
203,599,450.0,135.0
239,646,360.0,75.0
250,531,1470.0,120.0
252,545,660.0,75.0
190,764,1005.0,120.0
206,571,585.0,75.0
1661,136,280.0,420.0
1634,172,345.0,590.0
1683,131,270.0,465.0
1732,207,300.0,625.0
1627,228,240.0,275.0
1768,177,370.0,320.0
1713,112,265.0,440.0
1700,101,195.0,200.0
1612,170,190.0,190.0
1768,220,245.0,410.0
1640,147,300.0,205.0
1636,109,215.0,155.0
1559,243,200.0,300.0
1660,240,230.0,260.0
1597,210,170.0,90.0
1738,118,210.0,290.0
1693,188,190.0,115.0
1701,220,215.0,405.0
1623,114,215.0,180.0
1758,158,165.0,90.0
1728,169,185.0,95.0
1782,178,365.0,215.0
1781,152,500.0,90.0
1691,248,285.0,75.0
1703,126,165.0,95.0
1731,149,170.0,60.0
1697,120,165.0,50.0
1553,250,215.0,85.0
1775,143,470.0,195.0
749,395,930.0,1305.0
586,299,990.0,1650.0
662,352,765.0,1710.0
735,373,420.0,1500.0
698,498,375.0,765.0
679,415,330.0,225.0
529,456,390.0,1485.0
588,459,375.0,240.0
549,344,675.0,915.0
757,433,360.0,795.0
648,471,990.0,720.0
691,389,525.0,540.0
605,366,225.0,165.0
637,474,600.0,540.0
635,276,285.0,345.0
711,393,300.0,390.0
519,379,480.0,975.0
589,321,360.0,495.0
612,411,255.0,135.0
609,309,450.0,165.0
728,392,375.0,210.0
758,489,450.0,345.0
583,414,285.0,105.0
659,270,270.0,420.0
641,443,405.0,615.0
748,270,1005.0,465.0
620,426,255.0,225.0
536,271,270.0,300.0
519,398,300.0,240.0
747,329,240.0,60.0
698,411,255.0,120.0
679,378,270.0,120.0
622,292,270.0,75.0
723,338,270.0,150.0
599,282,330.0,630.0
556,466,255.0,75.0
736,319,240.0,75.0
641,376,255.0,60.0
595,492,270.0,165.0
617,505,390.0,240.0
558,507,300.0,105.0
655,448,885.0,90.0
740,279,510.0,180.0
650,453,885.0,315.0
621,316,450.0,105.0
748,263,1035.0,165.0
656,454,900.0,150.0
597,435,300.0,60.0
757,506,795.0,60.0
583,311,825.0,150.0
753,499,645.0,135.0
742,268,765.0,60.0
573,1101,585.0,795.0
578,1216,285.0,780.0
601,1134,660.0,525.0
758,1181,540.0,1725.0
597,1239,375.0,480.0
571,1070,765.0,915.0
707,1232,240.0,570.0
613,1203,195.0,300.0
719,1117,300.0,1380.0
730,1237,285.0,870.0
524,1208,285.0,240.0
577,1240,240.0,150.0
568,1045,285.0,660.0
620,1237,270.0,165.0
549,1222,195.0,90.0
718,1132,300.0,555.0
657,1258,240.0,540.0
668,1144,315.0,720.0
632,1255,270.0,555.0
700,1272,510.0,615.0
546,1112,510.0,810.0
678,1123,630.0,405.0
607,1262,270.0,540.0
595,1088,255.0,120.0
659,1118,255.0,285.0
649,1114,255.0,330.0
537,1063,330.0,570.0
641,1095,285.0,405.0
606,1057,255.0,510.0
671,1089,285.0,525.0
762,1155,255.0,165.0
565,1205,240.0,105.0
734,1058,570.0,150.0
733,1146,270.0,390.0
759,1134,240.0,270.0
762,1081,975.0,390.0
749,1050,360.0,150.0
622,1266,225.0,255.0
723,1208,270.0,135.0
741,1083,555.0,270.0
669,1169,285.0,315.0
674,1156,315.0,330.0
717,1215,270.0,135.0
715,1143,270.0,105.0
710,1101,255.0,330.0
578,1200,225.0,60.0
741,1061,645.0,345.0
674,1272,540.0,120.0
576,1051,285.0,300.0
681,1087,285.0,105.0
643,1247,255.0,90.0
718,1252,270.0,225.0
533,1078,240.0,135.0
689,1262,285.0,120.0
728,1042,300.0,135.0
527,1046,270.0,180.0
747,1071,765.0,270.0
650,1243,180.0,60.0
527,1069,285.0,120.0
681,1266,480.0,105.0
521,1072,270.0,60.0
588,1076,420.0,135.0
693,1116,630.0,60.0
719,1093,270.0,75.0
753,1072,795.0,180.0
679,1173,270.0,60.0
514,1034,855.0,195.0
752,1060,495.0,75.0
748,1092,420.0,90.0
687,1117,630.0,90.0
1118,408,800.0,736.0
1044,497,416.0,952.0
1086,371,280.0,440.0
1200,322,440.0,328.0
1130,460,320.0,744.0
1064,495,408.0,304.0
1168,334,576.0,728.0
1089,401,504.0,552.0
1138,383,568.0,496.0
1126,299,488.0,568.0
1038,284,472.0,864.0
1084,313,400.0,568.0
1055,458,672.0,848.0
1102,363,320.0,608.0
1224,349,304.0,456.0
1239,302,312.0,312.0
1076,464,504.0,472.0
1237,375,264.0,368.0
1033,464,320.0,448.0
1252,263,224.0,80.0
1159,459,256.0,280.0
1236,465,312.0,256.0
1160,405,776.0,456.0
1091,480,264.0,400.0
1256,344,224.0,64.0
1104,329,272.0,200.0
1184,265,336.0,824.0
1039,343,264.0,360.0
1074,450,752.0,424.0
1210,262,512.0,704.0
1265,435,288.0,88.0
1191,282,256.0,64.0
1271,273,232.0,56.0
1133,366,384.0,256.0
1149,330,232.0,272.0
1055,271,312.0,136.0
1210,465,616.0,416.0
1101,350,304.0,680.0
1223,282,224.0,104.0
1116,443,296.0,128.0
1241,392,264.0,120.0
1272,372,248.0,128.0
1243,424,272.0,184.0
1044,271,272.0,184.0
1134,402,280.0,184.0
1218,472,616.0,496.0
1119,376,272.0,72.0
1230,387,264.0,192.0
1197,455,608.0,216.0
1085,460,712.0,320.0
1083,260,1048.0,368.0
1075,285,272.0,72.0
1085,328,296.0,56.0
1028,414,320.0,160.0
1171,418,776.0,192.0
1175,398,720.0,128.0
1026,396,1080.0,232.0
1045,452,672.0,288.0
1085,434,752.0,152.0
1030,376,328.0,136.0
1032,319,592.0,240.0
1095,442,312.0,56.0
1073,320,312.0,80.0
1037,392,344.0,88.0
1246,470,312.0,72.0
1071,272,288.0,56.0
1183,423,384.0,72.0
1084,269,320.0,80.0
1086,396,472.0,104.0
58,112,450.0,680.0
164,154,470.0,820.0
141,234,410.0,810.0
55,12,350.0,460.0
111,174,240.0,1010.0
142,66,610.0,960.0
27,40,300.0,390.0
226,218,620.0,1170.0
228,240,540.0,760.0
155,220,420.0,1050.0
50,59,300.0,660.0
90,131,240.0,420.0
39,79,320.0,200.0
223,159,340.0,980.0
105,97,220.0,520.0
83,207,420.0,690.0
37,215,220.0,240.0
96,226,330.0,320.0
247,165,300.0,280.0
73,86,260.0,640.0
152,49,290.0,410.0
134,15,260.0,190.0
101,59,240.0,190.0
243,54,200.0,100.0
189,225,390.0,460.0
75,183,260.0,260.0
4,65,210.0,160.0
211,228,450.0,860.0
110,206,420.0,360.0
166,9,560.0,620.0
19,106,190.0,90.0
249,242,310.0,370.0
57,74,290.0,390.0
246,199,540.0,820.0
167,93,350.0,270.0
238,151,340.0,520.0
151,7,420.0,450.0
171,236,310.0,380.0
251,139,710.0,660.0
66,207,230.0,220.0
121,84,250.0,100.0
19,59,210.0,100.0
164,248,390.0,800.0
222,190,320.0,150.0
84,237,310.0,180.0
100,72,220.0,70.0
123,214,260.0,270.0
235,79,200.0,80.0
98,186,230.0,170.0
158,187,230.0,80.0
164,61,240.0,70.0
209,165,290.0,100.0
146,28,230.0,170.0
139,120,200.0,60.0
233,189,430.0,120.0
87,56,240.0,70.0
90,85,250.0,100.0
139,33,290.0,120.0
181,79,280.0,230.0
132,42,240.0,50.0
154,145,270.0,50.0
154,74,520.0,210.0
12,37,270.0,120.0
206,207,340.0,90.0
191,217,390.0,80.0
158,113,240.0,80.0
109,6,660.0,60.0
30,50,240.0,50.0
84,229,260.0,60.0
236,33,200.0,50.0
151,92,260.0,120.0
163,26,270.0,60.0
1359,1483,250.0,610.0
1506,1405,360.0,1530.0
1343,1456,410.0,910.0
1389,1363,480.0,450.0
1406,1442,310.0,640.0
1507,1438,310.0,570.0
1468,1300,290.0,820.0
1469,1484,270.0,790.0
1441,1439,260.0,500.0
1325,1426,260.0,490.0
1351,1516,320.0,660.0
1396,1383,290.0,490.0
1354,1333,370.0,550.0
1502,1337,220.0,150.0
1415,1395,240.0,120.0
1324,1514,260.0,190.0
1423,1493,270.0,100.0
1478,1434,240.0,120.0
1351,1348,370.0,360.0
1387,1431,270.0,170.0
1388,1479,250.0,200.0
1482,1452,230.0,130.0
1287,1453,280.0,370.0
1405,1413,210.0,410.0
1420,1328,190.0,280.0
1518,1462,250.0,320.0
1293,1463,220.0,200.0
1494,1429,260.0,90.0
1375,1494,220.0,150.0
1302,1472,230.0,110.0
1407,1374,260.0,100.0
1449,1509,250.0,240.0
1304,1318,160.0,100.0
1313,1379,260.0,90.0
1442,1495,240.0,110.0
1479,1391,210.0,60.0
1532,1314,380.0,130.0
1311,1399,240.0,70.0
1372,1401,260.0,90.0
1522,1347,250.0,70.0
1500,1479,250.0,140.0
1519,1517,230.0,60.0
1450,1453,260.0,100.0
1423,1409,240.0,80.0
1335,1334,230.0,60.0
1385,1531,350.0,200.0
1342,1508,320.0,280.0
1353,1369,220.0,50.0
1528,1407,240.0,80.0
1451,1393,230.0,50.0
1505,1485,250.0,50.0
1507,1460,230.0,80.0
1350,1464,360.0,110.0
1315,1477,270.0,100.0
1335,1326,230.0,60.0
1487,1440,250.0,50.0
1441,1308,270.0,60.0
1150,220,700.0,1010.0
1223,45,250.0,250.0
1108,69,290.0,490.0
1227,123,510.0,960.0
1258,92,270.0,640.0
1087,113,390.0,600.0
1252,160,280.0,760.0
1046,124,690.0,840.0
1062,229,440.0,1190.0
1040,25,590.0,260.0
1116,160,290.0,110.0
1184,205,310.0,520.0
1234,193,220.0,100.0
1234,231,280.0,580.0
1241,45,490.0,540.0
1191,100,330.0,460.0
1157,69,290.0,490.0
1071,193,500.0,910.0
1121,186,260.0,590.0
1148,109,470.0,450.0
1258,150,270.0,220.0
1105,238,290.0,760.0
1075,36,230.0,240.0
1229,82,250.0,220.0
1132,102,470.0,710.0
1100,60,250.0,240.0
1059,83,240.0,160.0
1078,211,320.0,190.0
1094,189,500.0,390.0
1132,20,230.0,270.0
1211,132,450.0,240.0
1201,159,240.0,150.0
1206,189,240.0,100.0
1085,244,960.0,240.0
1047,182,280.0,270.0
1217,223,260.0,120.0
1215,159,240.0,70.0
1077,171,290.0,240.0
1110,51,230.0,70.0
1145,83,310.0,90.0
1230,16,250.0,220.0
1057,101,230.0,90.0
1044,250,960.0,440.0
1067,167,290.0,410.0
1268,52,500.0,200.0
1052,65,250.0,50.0
1162,58,240.0,50.0
1086,55,240.0,100.0
1253,19,210.0,60.0
1173,198,290.0,80.0
1199,138,450.0,60.0
1040,111,390.0,240.0
1258,196,220.0,90.0
1062,181,250.0,70.0
1253,188,220.0,70.0
1275,115,490.0,110.0
1078,203,480.0,150.0
1035,243,380.0,60.0
1197,245,1140.0,240.0
1083,229,340.0,70.0
1224,141,340.0,80.0
1031,87,430.0,70.0
1057,136,680.0,50.0
1180,101,330.0,120.0
1256,51,400.0,70.0
1075,252,1330.0,160.0
1026,152,570.0,80.0
1196,251,1390.0,70.0
1033,251,690.0,110.0
1548,1288,600.0,990.0
1771,1334,320.0,610.0
1548,1414,380.0,1320.0
1594,1295,460.0,1180.0
1608,1359,300.0,340.0
1682,1512,320.0,160.0
1725,1476,160.0,140.0
1546,1315,380.0,1010.0
1657,1328,200.0,310.0
1695,1405,240.0,1360.0
1603,1491,300.0,600.0
1628,1424,180.0,490.0
1563,1409,350.0,490.0
1553,1373,260.0,520.0
1630,1372,220.0,120.0
1549,1355,270.0,110.0
1587,1490,280.0,340.0
1619,1500,260.0,140.0
1546,1443,240.0,230.0
1722,1416,210.0,100.0
1570,1435,260.0,280.0
1575,1293,320.0,230.0
1649,1506,220.0,90.0
1772,1285,230.0,250.0
1740,1438,170.0,80.0
1540,1293,590.0,990.0
1663,1522,320.0,250.0
1692,1489,220.0,70.0
1564,1359,290.0,70.0
1639,1483,220.0,70.0
1679,1443,250.0,100.0
1618,1510,230.0,190.0
1561,1307,290.0,610.0
1559,1428,250.0,50.0
1660,1532,340.0,100.0
1657,1459,260.0,60.0
326,854,510.0,780.0
323,957,390.0,645.0
289,873,495.0,675.0
474,884,300.0,1095.0
450,890,270.0,360.0
312,998,285.0,300.0
476,939,270.0,750.0
292,833,705.0,1545.0
488,1004,255.0,555.0
466,965,630.0,585.0
364,943,285.0,435.0
353,844,270.0,735.0
290,789,315.0,810.0
429,940,450.0,810.0
501,976,285.0,330.0
373,914,210.0,420.0
310,874,255.0,375.0
356,981,225.0,330.0
482,783,255.0,255.0
467,864,270.0,825.0
377,980,240.0,570.0
266,994,195.0,105.0
342,989,255.0,390.0
264,893,270.0,135.0
412,947,330.0,345.0
279,802,480.0,675.0
496,791,255.0,165.0
269,806,480.0,630.0
265,847,300.0,420.0
395,1014,255.0,240.0
406,782,180.0,165.0
355,994,225.0,135.0
425,928,300.0,120.0
427,878,240.0,330.0
463,919,240.0,255.0
316,979,165.0,60.0
282,848,435.0,555.0
477,959,630.0,330.0
297,929,255.0,75.0
489,825,255.0,75.0
447,1005,255.0,135.0
430,773,330.0,330.0
338,971,345.0,105.0
479,804,255.0,105.0
303,824,270.0,120.0
503,926,270.0,240.0
470,777,255.0,135.0
497,807,225.0,75.0
261,861,975.0,405.0
328,1018,645.0,195.0
390,914,210.0,105.0
478,853,315.0,150.0
454,839,240.0,75.0
506,820,660.0,165.0
317,828,300.0,90.0
491,873,360.0,345.0
418,938,450.0,195.0
346,836,255.0,75.0
489,855,315.0,75.0
505,874,1320.0,285.0
306,808,315.0,60.0
263,794,555.0,120.0
266,822,285.0,135.0
368,960,195.0,60.0
306,923,255.0,60.0
271,835,300.0,60.0
323,866,270.0,60.0
437,782,300.0,75.0
264,828,300.0,90.0
258,834,255.0,60.0
289,824,705.0,120.0
262,801,525.0,135.0
298,840,570.0,165.0
304,842,315.0,105.0
508,879,1425.0,75.0
310,842,375.0,60.0
259,769,1080.0,105.0
1823,212,350.0,505.0
1862,181,175.0,195.0
1861,216,235.0,375.0
1893,168,190.0,60.0
1862,159,180.0,145.0
1945,248,445.0,280.0
1868,195,185.0,115.0
1862,247,310.0,180.0
1829,234,240.0,120.0
1872,251,250.0,90.0
1958,220,250.0,115.0
1855,200,190.0,50.0
1828,203,350.0,90.0
1880,178,190.0,60.0
65,820,345.0,375.0
85,993,495.0,435.0
28,780,480.0,630.0
155,869,360.0,630.0
216,1003,600.0,375.0
218,840,540.0,990.0
31,837,330.0,900.0
229,902,240.0,330.0
191,845,330.0,450.0
191,883,345.0,195.0
71,792,240.0,240.0
15,854,345.0,615.0
119,945,330.0,525.0
66,874,210.0,840.0
128,994,390.0,255.0
239,1006,390.0,255.0
163,787,375.0,825.0
153,832,540.0,600.0
16,883,330.0,390.0
105,827,240.0,225.0
138,783,465.0,975.0
133,799,465.0,555.0
196,1001,345.0,390.0
240,786,540.0,645.0
169,774,375.0,930.0
153,979,300.0,210.0
219,824,360.0,300.0
143,820,540.0,570.0
210,991,360.0,390.0
176,838,330.0,345.0
116,905,195.0,315.0
227,795,465.0,480.0
168,1016,225.0,105.0
17,872,330.0,165.0
59,844,270.0,375.0
101,841,210.0,450.0
90,792,270.0,285.0
174,995,405.0,615.0
135,978,390.0,375.0
160,1002,420.0,240.0
89,1011,450.0,135.0
29,876,330.0,255.0
116,852,225.0,240.0
120,920,180.0,240.0
122,863,225.0,225.0
104,995,420.0,195.0
235,866,375.0,585.0
147,1014,435.0,495.0
237,838,285.0,135.0
194,836,315.0,360.0
120,970,315.0,240.0
163,852,180.0,105.0
181,867,225.0,105.0
4,890,330.0,240.0
176,826,255.0,105.0
244,856,735.0,525.0
186,780,270.0,150.0
242,801,300.0,75.0
152,842,405.0,105.0
161,824,270.0,135.0
185,789,255.0,75.0
153,783,270.0,75.0
15,783,405.0,135.0
101,780,240.0,75.0
25,864,300.0,135.0
120,773,210.0,60.0
20,845,345.0,195.0
200,775,435.0,165.0
75,771,195.0,105.0
145,848,345.0,105.0
151,1000,345.0,105.0
173,789,300.0,120.0
128,810,405.0,165.0
55,816,315.0,180.0
252,817,255.0,90.0
137,1005,435.0,75.0
125,781,240.0,60.0
143,810,540.0,165.0
122,963,345.0,90.0
224,1016,285.0,90.0
142,796,405.0,60.0
247,867,735.0,195.0
240,776,510.0,120.0
246,789,540.0,75.0
187,1084,315.0,300.0
191,1053,735.0,1305.0
204,1087,525.0,675.0
98,1053,450.0,750.0
36,1061,300.0,330.0
224,1091,270.0,375.0
246,1067,255.0,1020.0
169,1096,270.0,675.0
194,1162,150.0,90.0
146,1106,240.0,330.0
103,1064,390.0,615.0
100,1077,390.0,570.0
142,1031,225.0,480.0
84,1082,270.0,210.0
47,1047,180.0,330.0
214,1116,195.0,135.0
165,1047,285.0,870.0
218,1030,270.0,210.0
132,1098,270.0,120.0
170,1129,210.0,135.0
125,1114,270.0,405.0
166,1035,240.0,315.0
81,1097,225.0,75.0
43,1035,180.0,135.0
170,1111,210.0,60.0
216,1045,225.0,120.0
176,1030,375.0,270.0
208,1064,465.0,570.0
193,1028,420.0,345.0
40,1078,240.0,360.0
154,1096,270.0,60.0
204,1030,285.0,165.0
48,1074,225.0,60.0
130,1063,210.0,60.0
89,1073,240.0,240.0
89,1032,360.0,105.0
189,1069,300.0,165.0
219,1071,195.0,60.0
202,1051,495.0,255.0
193,1076,285.0,150.0
153,1027,540.0,180.0
197,1037,690.0,105.0
90,1056,360.0,75.0
200,1081,480.0,60.0
682,1415,296.0,536.0
752,1330,264.0,456.0
739,1319,328.0,536.0
670,1452,280.0,472.0
697,1301,264.0,856.0
609,1328,216.0,952.0
754,1369,456.0,712.0
685,1347,400.0,496.0
708,1340,296.0,280.0
659,1359,352.0,392.0
602,1352,232.0,344.0
722,1307,224.0,176.0
737,1300,208.0,632.0
711,1364,256.0,1064.0
725,1404,216.0,632.0
693,1371,288.0,576.0
740,1348,392.0,304.0
759,1436,240.0,224.0
741,1448,224.0,1000.0
566,1299,248.0,144.0
749,1426,256.0,336.0
716,1351,256.0,632.0
658,1340,280.0,384.0
678,1379,288.0,400.0
683,1330,336.0,440.0
536,1286,248.0,104.0
644,1330,264.0,456.0
726,1454,144.0,56.0
608,1390,168.0,56.0
697,1427,184.0,224.0
633,1344,200.0,88.0
649,1423,184.0,72.0
575,1338,192.0,128.0
693,1353,400.0,216.0
714,1283,192.0,232.0
760,1354,304.0,112.0
644,1315,264.0,408.0
749,1468,160.0,104.0
652,1444,232.0,120.0
676,1304,296.0,104.0
681,1316,296.0,144.0
664,1299,200.0,56.0
706,1395,208.0,72.0
666,1331,248.0,376.0
647,1352,352.0,320.0
760,1448,216.0,112.0
722,1435,192.0,104.0
620,1299,200.0,56.0
652,1385,200.0,56.0
674,1389,256.0,128.0
630,1366,184.0,104.0
665,1380,216.0,88.0
590,1330,208.0,136.0
725,1425,216.0,136.0
659,1457,232.0,56.0
695,1289,240.0,64.0
703,1330,296.0,112.0
637,1321,256.0,64.0
733,1430,248.0,128.0
667,1429,224.0,128.0
608,1301,208.0,80.0
728,1339,248.0,112.0
652,1328,256.0,80.0
693,1321,240.0,88.0
740,1433,256.0,104.0
646,1439,216.0,56.0
674,1320,296.0,56.0
480,1037,560.0,910.0
440,1172,250.0,370.0
414,1156,200.0,240.0
474,1209,180.0,50.0
484,1076,300.0,930.0
390,1130,170.0,140.0
433,1035,210.0,200.0
456,1222,180.0,90.0
448,1067,250.0,400.0
478,1083,300.0,800.0
387,1052,220.0,110.0
312,1163,170.0,100.0
316,1180,160.0,50.0
313,1030,330.0,160.0
457,1104,210.0,150.0
274,1061,190.0,90.0
408,1059,220.0,180.0
321,1105,160.0,80.0
336,1175,160.0,100.0
425,1184,170.0,90.0
499,1184,170.0,80.0
505,1132,190.0,60.0
478,1118,210.0,50.0
470,1189,170.0,60.0
491,1120,210.0,70.0
400,1110,190.0,120.0
499,1099,260.0,50.0
457,1027,190.0,70.0
498,1071,300.0,70.0
506,1032,710.0,60.0
852,895,630.0,390.0
930,948,555.0,615.0
816,822,600.0,645.0
858,905,345.0,435.0
920,829,390.0,810.0
957,828,465.0,1005.0
793,858,300.0,405.0
811,775,405.0,375.0
884,878,570.0,690.0
998,826,810.0,1050.0
896,831,405.0,1185.0
927,820,390.0,345.0
822,958,555.0,1005.0
893,795,375.0,630.0
841,844,300.0,195.0
986,912,900.0,585.0
856,942,525.0,600.0
902,885,795.0,615.0
967,996,300.0,150.0
954,903,345.0,240.0
867,819,285.0,375.0
889,965,510.0,330.0
835,791,375.0,195.0
857,987,615.0,450.0
975,976,300.0,360.0
1001,942,720.0,555.0
889,850,405.0,825.0
934,1003,345.0,600.0
994,890,600.0,675.0
845,810,300.0,255.0
856,788,390.0,210.0
791,975,345.0,315.0
933,890,345.0,360.0
896,908,660.0,345.0
889,1004,390.0,450.0
851,829,300.0,315.0
914,1015,840.0,345.0
914,813,330.0,390.0
1007,896,345.0,150.0
793,816,450.0,180.0
943,957,345.0,330.0
966,879,285.0,135.0
928,963,480.0,345.0
777,890,405.0,450.0
831,892,510.0,270.0
982,952,525.0,465.0
796,875,495.0,330.0
794,888,495.0,390.0
808,945,510.0,480.0
845,1004,255.0,375.0
834,977,510.0,375.0
986,872,345.0,270.0
846,794,390.0,330.0
873,979,615.0,480.0
997,952,660.0,480.0
998,802,555.0,570.0
907,842,300.0,195.0
781,959,330.0,210.0
952,1006,255.0,75.0
826,904,510.0,240.0
1004,840,315.0,120.0
958,914,345.0,195.0
909,905,645.0,180.0
916,885,480.0,120.0
822,911,360.0,240.0
995,927,900.0,225.0
1010,974,390.0,105.0
843,923,525.0,165.0
795,917,255.0,75.0
988,947,585.0,225.0
957,850,330.0,75.0
892,987,375.0,135.0
879,819,285.0,75.0
980,898,375.0,60.0
918,925,300.0,135.0
824,972,540.0,105.0
771,899,465.0,210.0
812,813,450.0,90.0
861,1001,420.0,210.0
822,989,315.0,135.0
1002,963,555.0,210.0
918,892,465.0,135.0
1011,956,705.0,90.0
991,813,330.0,60.0
869,989,600.0,75.0
878,776,1335.0,210.0
804,878,420.0,60.0
987,832,780.0,75.0
886,918,600.0,90.0
924,789,300.0,60.0
805,837,345.0,90.0
993,899,600.0,180.0
960,854,330.0,60.0
847,994,345.0,90.0
1019,817,450.0,75.0
981,921,735.0,90.0
998,809,675.0,90.0
820,1020,810.0,90.0
1008,1588,410.0,610.0
1005,1544,300.0,260.0
888,1544,530.0,720.0
898,1543,330.0,280.0
953,1539,820.0,1060.0
931,1564,280.0,140.0
994,1549,370.0,430.0
860,1540,300.0,120.0
936,1543,290.0,180.0
869,1539,280.0,200.0
881,1537,680.0,540.0
1018,1591,410.0,320.0
1013,1560,480.0,220.0
882,1552,460.0,100.0
848,1542,310.0,60.0
907,1563,260.0,50.0
987,1541,370.0,50.0
1010,1568,330.0,120.0
988,1566,320.0,60.0
952,1550,390.0,130.0
900,1554,280.0,50.0
958,1548,310.0,80.0
1337,745,690.0,1395.0
1434,563,360.0,420.0
1359,529,450.0,480.0
1383,706,375.0,1020.0
1335,537,450.0,645.0
1501,716,690.0,615.0
1306,731,375.0,1860.0
1485,542,435.0,600.0
1377,536,540.0,495.0
1309,630,390.0,315.0
1503,746,300.0,345.0
1427,599,555.0,525.0
1389,528,480.0,465.0
1467,644,420.0,465.0
1511,556,405.0,375.0
1403,635,390.0,420.0
1319,731,345.0,705.0
1396,665,360.0,870.0
1455,580,330.0,150.0
1457,738,270.0,705.0
1381,658,315.0,285.0
1406,683,285.0,360.0
1287,563,510.0,285.0
1418,624,525.0,270.0
1437,517,315.0,210.0
1524,696,300.0,300.0
1439,665,330.0,165.0
1354,623,285.0,195.0
1494,619,225.0,75.0
1454,705,300.0,330.0
1402,570,240.0,255.0
1410,607,360.0,180.0
1297,542,330.0,165.0
1336,710,285.0,180.0
1446,599,435.0,225.0
1328,762,525.0,435.0
1421,630,525.0,405.0
1312,593,240.0,120.0
1412,721,285.0,240.0
1381,721,300.0,300.0
1472,563,240.0,90.0
1414,733,285.0,195.0
1424,645,330.0,120.0
1399,591,345.0,330.0
1458,698,300.0,210.0
1448,673,330.0,255.0
1523,549,585.0,180.0
1330,582,270.0,90.0
1529,736,255.0,105.0
1283,738,300.0,120.0
1424,726,255.0,60.0
1330,516,270.0,90.0
1318,616,285.0,105.0
1282,591,330.0,60.0
1305,670,255.0,135.0
1292,681,300.0,105.0
1312,585,225.0,60.0
1337,583,270.0,105.0
1449,665,330.0,120.0
1425,543,255.0,60.0
1437,595,465.0,120.0
1307,648,315.0,60.0
1471,514,390.0,105.0
1283,550,765.0,60.0
1288,517,330.0,60.0
1868,297,375.0,465.0
2034,429,375.0,390.0
1965,394,360.0,555.0
1913,478,435.0,1575.0
1835,353,300.0,240.0
1804,332,315.0,600.0
1924,360,210.0,915.0
1927,331,210.0,495.0
1932,379,225.0,315.0
1903,282,195.0,360.0
1874,342,255.0,345.0
1987,326,195.0,300.0
1949,470,315.0,525.0
2000,456,240.0,315.0
1832,312,285.0,465.0
2003,418,210.0,210.0
1812,379,525.0,300.0
2037,482,360.0,345.0
1958,480,360.0,630.0
1859,475,180.0,300.0
1893,462,255.0,705.0
1804,385,525.0,645.0
1844,287,375.0,330.0
1930,267,240.0,285.0
1878,353,255.0,120.0
1989,467,240.0,165.0
1795,398,525.0,480.0
1871,405,225.0,105.0
2026,473,300.0,165.0
1797,363,270.0,60.0
1885,363,210.0,120.0
1974,262,240.0,225.0
1977,478,225.0,195.0
1936,426,150.0,105.0
1972,441,225.0,105.0
1961,431,210.0,75.0
2026,398,165.0,60.0
1986,397,270.0,75.0
1907,322,210.0,90.0
1847,266,570.0,165.0
1931,279,240.0,120.0
1824,384,435.0,90.0
1956,388,345.0,135.0
1943,492,435.0,345.0
1845,279,270.0,240.0
1831,396,390.0,105.0
1985,385,240.0,120.0
1812,298,240.0,90.0
2044,475,360.0,180.0
1958,497,270.0,90.0
1960,471,375.0,90.0
1984,506,225.0,75.0
1937,465,255.0,75.0
1990,407,270.0,75.0
1857,258,765.0,60.0
1865,509,375.0,105.0
1428,378,512.0,744.0
1469,357,344.0,328.0
1522,434,384.0,568.0
1527,288,432.0,472.0
1396,396,336.0,392.0
1378,493,392.0,240.0
1509,471,528.0,656.0
1312,399,656.0,496.0
1486,425,376.0,424.0
1514,485,312.0,312.0
1482,472,376.0,416.0
1348,362,448.0,440.0
1468,374,288.0,232.0
1497,330,264.0,184.0
1385,284,224.0,208.0
1478,267,328.0,392.0
1516,408,280.0,288.0
1426,305,248.0,360.0
1336,462,296.0,200.0
1450,335,448.0,344.0
1436,499,648.0,432.0
1362,502,352.0,200.0
1317,426,280.0,208.0
1337,343,240.0,440.0
1480,379,272.0,168.0
1515,298,256.0,288.0
1467,394,424.0,416.0
1404,297,216.0,80.0
1452,393,424.0,320.0
1291,283,272.0,160.0
1438,425,288.0,248.0
1344,261,264.0,392.0
1397,337,264.0,456.0
1465,320,304.0,424.0
1369,289,376.0,152.0
1334,278,208.0,224.0
1393,434,280.0,160.0
1344,290,280.0,200.0
1393,324,264.0,296.0
1497,394,272.0,320.0
1301,426,400.0,192.0
1478,304,280.0,320.0
1417,376,472.0,168.0
1451,407,352.0,352.0
1369,313,376.0,376.0
1415,444,264.0,88.0
1468,506,424.0,152.0
1466,287,256.0,288.0
1393,356,264.0,360.0
1320,489,256.0,200.0
1376,332,272.0,208.0
1438,357,304.0,248.0
1289,451,456.0,200.0
1424,389,480.0,88.0
1399,262,200.0,80.0
1325,366,328.0,240.0
1451,291,448.0,88.0
1448,277,480.0,240.0
1361,274,240.0,80.0
1432,414,288.0,136.0
1483,347,312.0,216.0
1372,321,328.0,168.0
1451,265,728.0,296.0
1353,371,400.0,112.0
1376,422,272.0,64.0
1318,271,224.0,136.0
1311,298,280.0,64.0
1296,502,776.0,184.0
1432,343,448.0,160.0
1375,446,264.0,64.0
1498,500,240.0,80.0
1429,353,304.0,192.0
1285,444,480.0,136.0
1395,379,296.0,96.0
1506,294,240.0,160.0
1455,260,768.0,376.0
1330,426,232.0,104.0
1305,495,560.0,88.0
1289,506,800.0,88.0
1455,486,336.0,96.0
1436,480,592.0,152.0
1442,268,552.0,96.0
1319,331,248.0,56.0
1444,289,376.0,144.0
1289,437,480.0,112.0
1434,388,496.0,120.0
627,525,624.0,808.0
634,661,392.0,792.0
531,600,344.0,1048.0
695,584,584.0,560.0
754,646,288.0,504.0
568,639,360.0,584.0
526,687,264.0,432.0
748,665,328.0,1192.0
530,634,320.0,824.0
689,700,272.0,552.0
561,670,200.0,136.0
706,704,272.0,376.0
675,588,360.0,488.0
713,608,264.0,328.0
561,705,256.0,224.0
704,555,224.0,368.0
592,530,288.0,136.0
547,536,272.0,88.0
733,537,240.0,352.0
730,689,384.0,200.0
657,570,240.0,256.0
599,623,232.0,56.0
567,603,264.0,304.0
570,717,208.0,152.0
681,622,288.0,200.0
520,601,272.0,200.0
550,624,336.0,360.0
748,734,256.0,56.0
633,641,248.0,112.0
612,651,280.0,152.0
661,718,288.0,136.0
617,597,280.0,168.0
600,726,240.0,136.0
535,549,264.0,56.0
750,679,384.0,312.0
640,627,208.0,352.0
726,723,224.0,120.0
602,657,256.0,224.0
556,559,232.0,256.0
545,705,256.0,144.0
737,522,856.0,320.0
695,649,272.0,280.0
592,651,280.0,120.0
548,645,264.0,88.0
565,687,176.0,56.0
678,600,464.0,408.0
628,596,280.0,160.0
668,665,272.0,80.0
659,679,288.0,80.0
534,666,224.0,104.0
523,648,224.0,56.0
610,672,232.0,56.0
589,731,208.0,72.0
706,592,520.0,168.0
742,601,264.0,112.0
745,570,240.0,200.0
662,763,480.0,216.0
737,744,248.0,56.0
560,757,176.0,120.0
624,738,240.0,56.0
645,724,288.0,128.0
761,730,264.0,72.0
541,623,336.0,216.0
643,605,248.0,136.0
663,614,280.0,128.0
651,661,264.0,80.0
542,635,272.0,64.0
579,713,208.0,96.0
589,707,184.0,56.0
545,698,256.0,160.0
698,519,248.0,56.0
585,642,352.0,72.0
749,588,256.0,80.0
596,740,240.0,64.0
534,697,256.0,64.0
588,759,208.0,88.0
573,755,192.0,64.0
516,519,1104.0,224.0
663,677,288.0,56.0
539,613,336.0,80.0
714,596,368.0,80.0
1315,121,240.0,280.0
1509,234,264.0,416.0
1308,68,264.0,352.0
1358,35,256.0,480.0
1343,53,296.0,376.0
1296,197,336.0,248.0
1474,202,328.0,400.0
1446,162,312.0,1096.0
1348,119,192.0,136.0
1298,105,216.0,216.0
1298,148,208.0,88.0
1396,31,224.0,248.0
1387,60,296.0,160.0
1379,79,208.0,280.0
1372,127,168.0,88.0
1368,54,296.0,176.0
1329,67,232.0,392.0
1287,162,192.0,72.0
1461,184,296.0,144.0
1401,216,392.0,264.0
1485,158,192.0,216.0
1452,182,296.0,376.0
1385,186,200.0,88.0
1494,134,208.0,104.0
1403,162,208.0,128.0
1498,5,304.0,224.0
1389,243,256.0,96.0
1416,231,400.0,304.0
1465,129,200.0,128.0
1319,81,232.0,56.0
1394,20,240.0,216.0
1397,242,264.0,312.0
1494,231,240.0,56.0
1524,223,264.0,160.0
1408,5,304.0,184.0
1504,122,216.0,152.0
1371,202,224.0,72.0
1440,191,248.0,224.0
1388,228,248.0,72.0
1365,18,368.0,80.0
1421,246,272.0,152.0
1359,203,224.0,64.0
1333,30,256.0,152.0
1348,73,232.0,72.0
1304,16,208.0,56.0
1415,11,304.0,88.0
1402,228,400.0,224.0
1283,221,352.0,96.0
1461,7,288.0,88.0
1285,191,400.0,88.0
1424,240,272.0,56.0
1500,250,224.0,56.0
1388,251,240.0,88.0
1408,232,400.0,216.0
1361,26,240.0,88.0
1501,227,240.0,152.0
1376,8,584.0,56.0
1988,603,330.0,750.0
1846,676,525.0,1260.0
1852,740,510.0,975.0
1937,598,390.0,660.0
1802,748,420.0,1155.0
1885,651,315.0,420.0
1814,620,240.0,75.0
2026,599,210.0,330.0
1839,713,300.0,795.0
1882,754,240.0,615.0
1904,621,255.0,735.0
1872,734,255.0,570.0
1838,665,495.0,1575.0
1920,672,480.0,990.0
1800,608,600.0,870.0
2025,557,210.0,135.0
1857,654,225.0,375.0
1907,665,480.0,615.0
1912,641,225.0,60.0
1996,682,195.0,120.0
1808,646,240.0,120.0
1854,527,225.0,270.0
1990,629,210.0,120.0
2041,515,450.0,690.0
1841,650,255.0,135.0
2025,640,435.0,405.0
1957,575,240.0,120.0
1879,702,225.0,90.0
1981,570,210.0,90.0
1830,589,255.0,135.0
2039,619,255.0,345.0
1838,635,195.0,180.0
1920,747,270.0,60.0
2011,620,300.0,240.0
1799,573,240.0,210.0
1982,584,300.0,225.0
1871,719,240.0,75.0
1984,541,225.0,135.0
1992,655,180.0,105.0
1881,688,225.0,75.0
2023,746,180.0,135.0
1820,558,195.0,60.0
2038,604,210.0,90.0
1959,536,255.0,135.0
1833,684,255.0,120.0
1972,578,225.0,120.0
1965,541,255.0,75.0
1999,728,180.0,60.0
2023,629,390.0,165.0
2041,637,435.0,180.0
2040,560,225.0,60.0
1964,524,255.0,60.0
2044,567,270.0,60.0
1948,573,240.0,90.0
1832,759,540.0,150.0
1923,592,195.0,60.0
1858,676,495.0,120.0
1801,588,525.0,270.0
1850,708,285.0,60.0
1943,582,390.0,60.0
1945,514,1215.0,75.0
1878,1078,328.0,640.0
1963,1268,400.0,672.0
1949,1063,392.0,624.0
1817,1062,480.0,688.0
2029,1101,200.0,208.0
1969,1126,304.0,872.0
1944,1158,536.0,496.0
1818,1090,488.0,624.0
2025,1234,240.0,296.0
2015,1197,312.0,552.0
1969,1190,232.0,304.0
1934,1185,240.0,184.0
1947,1114,384.0,416.0
1830,1178,248.0,744.0
1977,1214,232.0,552.0
1819,1229,248.0,568.0
1856,1094,240.0,56.0
1801,1259,296.0,384.0
2034,1199,272.0,496.0
1961,1225,240.0,288.0
1914,1053,312.0,264.0
1966,1096,248.0,304.0
1847,1120,248.0,224.0
1854,1109,240.0,320.0
1806,1039,248.0,424.0
1893,1033,432.0,384.0
1882,1121,328.0,624.0
2011,1035,208.0,176.0
1869,1119,328.0,208.0
1862,1136,288.0,216.0
2032,1131,232.0,72.0
1865,1070,232.0,144.0
1923,1133,264.0,248.0
2017,1133,232.0,160.0
1983,1155,176.0,112.0
1998,1131,232.0,64.0
1945,1102,384.0,488.0
1861,1044,472.0,344.0
1874,1056,432.0,232.0
1910,1110,200.0,80.0
1799,1187,224.0,72.0
1871,1150,224.0,56.0
1961,1058,384.0,112.0
1855,1146,232.0,112.0
1812,1078,288.0,272.0
1802,1124,208.0,232.0
1952,1091,272.0,168.0
1972,1075,192.0,96.0
1980,1054,216.0,136.0
1928,1147,240.0,72.0
1833,1029,272.0,88.0
1960,1107,248.0,240.0
1806,1151,232.0,176.0
1912,1040,256.0,136.0
1947,1178,256.0,64.0
1868,1192,248.0,72.0
1973,1037,192.0,80.0
1847,1046,272.0,72.0
1867,1026,528.0,176.0
1874,1049,472.0,72.0
1952,1078,296.0,56.0
1811,1068,376.0,56.0
1559,1630,296.0,712.0
1707,1620,224.0,1224.0
1725,1566,200.0,216.0
1662,1615,208.0,952.0
1626,1676,232.0,112.0
1605,1590,280.0,568.0
1609,1658,224.0,320.0
1746,1610,200.0,328.0
1632,1618,304.0,472.0
1555,1688,264.0,192.0
1719,1596,232.0,328.0
1645,1672,192.0,288.0
1546,1549,264.0,824.0
1651,1541,288.0,512.0
1643,1591,240.0,368.0
1550,1615,272.0,384.0
1766,1610,200.0,216.0
1628,1574,280.0,200.0
1572,1654,296.0,440.0
1708,1540,232.0,152.0
1774,1588,240.0,96.0
1753,1565,184.0,328.0
1562,1667,208.0,280.0
1579,1692,224.0,56.0
1672,1654,224.0,88.0
1624,1609,304.0,488.0
1680,1540,336.0,360.0
1603,1682,224.0,72.0
1775,1551,168.0,168.0
1592,1603,232.0,416.0
1653,1637,192.0,96.0
1777,1599,208.0,168.0
1548,1566,248.0,240.0
1624,1553,200.0,96.0
1745,1592,176.0,80.0
1562,1560,224.0,88.0
1557,1597,208.0,56.0
1664,1561,224.0,96.0
1727,1600,232.0,72.0
1672,1627,200.0,56.0
1548,1538,888.0,96.0
930,64,465.0,765.0
995,229,330.0,855.0
834,185,600.0,1455.0
884,17,555.0,765.0
865,228,540.0,675.0
802,232,375.0,1005.0
983,166,375.0,1050.0
935,175,645.0,480.0
825,24,435.0,360.0
846,83,330.0,165.0
923,224,270.0,300.0
988,147,360.0,315.0
941,142,570.0,495.0
1003,188,285.0,450.0
890,116,555.0,420.0
835,224,270.0,90.0
955,127,525.0,390.0
944,51,420.0,630.0
790,67,255.0,210.0
780,24,360.0,330.0
968,150,375.0,900.0
976,210,345.0,360.0
892,67,270.0,120.0
795,34,360.0,90.0
962,190,810.0,390.0
1013,243,330.0,165.0
993,91,225.0,390.0
995,130,270.0,255.0
910,160,270.0,555.0
986,56,255.0,255.0
897,36,240.0,600.0
911,206,270.0,540.0
874,41,225.0,75.0
806,195,285.0,330.0
941,112,270.0,255.0
986,191,465.0,270.0
872,69,240.0,150.0
829,157,240.0,60.0
1009,109,240.0,75.0
910,60,285.0,150.0
1016,88,450.0,105.0
946,75,300.0,105.0
868,6,255.0,60.0
783,5,255.0,165.0
814,203,285.0,105.0
779,209,255.0,60.0
990,3,540.0,225.0
1010,64,645.0,255.0
902,141,240.0,90.0
940,75,300.0,60.0
984,9,540.0,240.0
891,123,555.0,165.0
953,198,510.0,90.0
969,124,495.0,150.0
946,247,630.0,300.0
1009,230,330.0,240.0
902,174,285.0,60.0
939,251,810.0,255.0
882,6,525.0,120.0
852,243,375.0,105.0
963,56,420.0,60.0
969,189,810.0,60.0
835,44,405.0,90.0
978,131,255.0,60.0
934,53,435.0,90.0
940,185,645.0,75.0
157,338,260.0,640.0
143,490,250.0,420.0
107,292,350.0,860.0
59,449,400.0,630.0
162,473,820.0,1120.0
105,436,490.0,990.0
196,296,370.0,1250.0
140,441,350.0,1050.0
50,343,230.0,200.0
82,296,390.0,440.0
146,409,200.0,430.0
151,284,560.0,1000.0
182,328,220.0,470.0
77,304,460.0,370.0
78,425,360.0,780.0
183,482,460.0,360.0
175,263,390.0,810.0
113,334,240.0,390.0
88,411,420.0,1060.0
203,268,420.0,510.0
120,470,690.0,550.0
39,355,230.0,210.0
22,436,420.0,810.0
161,305,470.0,940.0
92,440,490.0,980.0
141,265,450.0,670.0
113,497,250.0,90.0
71,261,220.0,90.0
60,310,380.0,220.0
44,308,200.0,100.0
153,444,290.0,200.0
157,414,210.0,60.0
71,493,250.0,160.0
158,272,290.0,360.0
121,278,250.0,120.0
80,489,250.0,180.0
64,373,190.0,60.0
151,300,560.0,160.0
76,327,450.0,220.0
17,347,230.0,100.0
70,278,320.0,120.0
56,470,270.0,130.0
189,276,390.0,250.0
3,297,290.0,60.0
68,474,270.0,70.0
128,331,240.0,100.0
184,464,330.0,50.0
234,382,260.0,90.0
173,459,340.0,210.0
7,484,620.0,180.0
70,437,370.0,250.0
126,477,670.0,400.0
143,465,690.0,170.0
188,471,380.0,130.0
117,424,330.0,110.0
107,457,690.0,280.0
102,451,330.0,70.0
47,481,240.0,100.0
96,493,250.0,50.0
43,499,250.0,70.0
174,491,420.0,160.0
211,330,250.0,60.0
41,443,420.0,100.0
147,273,500.0,100.0
163,458,340.0,70.0
138,470,510.0,50.0
143,507,340.0,70.0
148,468,730.0,50.0
710,1002,480.0,1170.0
633,837,315.0,1050.0
567,972,315.0,510.0
564,938,750.0,1500.0
614,948,645.0,1980.0
706,966,735.0,1335.0
606,922,450.0,780.0
671,843,345.0,525.0
550,913,675.0,645.0
722,864,345.0,330.0
538,992,300.0,555.0
664,885,345.0,945.0
610,980,480.0,810.0
729,815,360.0,330.0
676,801,435.0,525.0
635,798,330.0,1020.0
708,912,285.0,510.0
731,906,360.0,480.0
754,824,270.0,450.0
734,800,240.0,510.0
620,965,645.0,510.0
679,980,300.0,375.0
580,858,285.0,255.0
744,834,360.0,855.0
536,821,300.0,255.0
578,1015,420.0,525.0
569,881,300.0,750.0
751,858,270.0,240.0
544,967,300.0,615.0
532,877,405.0,375.0
638,986,255.0,270.0
594,878,285.0,375.0
734,936,405.0,1200.0
677,991,285.0,255.0
699,939,420.0,360.0
537,802,255.0,165.0
607,857,270.0,105.0
581,904,285.0,105.0
595,986,285.0,60.0
716,937,420.0,360.0
627,859,285.0,195.0
564,922,345.0,450.0
586,934,270.0,195.0
533,922,240.0,180.0
651,793,270.0,120.0
606,801,270.0,60.0
691,862,300.0,375.0
593,780,285.0,120.0
748,982,255.0,150.0
731,1007,300.0,240.0
668,813,345.0,600.0
690,847,345.0,120.0
539,886,405.0,375.0
551,844,285.0,105.0
729,777,210.0,180.0
654,862,300.0,210.0
603,777,285.0,60.0
582,801,270.0,60.0
514,908,240.0,75.0
596,893,270.0,105.0
630,892,240.0,135.0
739,868,270.0,195.0
663,791,285.0,150.0
676,814,435.0,225.0
545,958,270.0,165.0
573,941,345.0,180.0
533,937,225.0,120.0
555,797,255.0,105.0
701,833,255.0,60.0
525,890,345.0,285.0
554,833,255.0,90.0
578,775,270.0,195.0
564,845,270.0,75.0
514,810,315.0,300.0
576,786,270.0,90.0
763,845,345.0,165.0
632,948,420.0,165.0
544,853,255.0,60.0
595,917,360.0,105.0
557,930,630.0,75.0
726,869,285.0,105.0
759,973,495.0,135.0
515,884,930.0,105.0
858,334,420.0,360.0
898,389,300.0,930.0
991,388,855.0,510.0
798,361,570.0,630.0
832,392,435.0,1065.0
783,476,315.0,420.0
922,461,390.0,465.0
1004,284,825.0,795.0
964,293,1035.0,990.0
882,311,360.0,780.0
822,352,465.0,555.0
1008,482,255.0,390.0
807,286,795.0,525.0
897,348,405.0,1140.0
966,379,435.0,1575.0
951,475,570.0,465.0
962,278,645.0,975.0
785,499,255.0,270.0
937,350,270.0,390.0
855,476,345.0,105.0
1009,389,930.0,900.0
915,340,270.0,315.0
975,335,270.0,360.0
1001,340,270.0,465.0
805,334,405.0,405.0
784,291,795.0,585.0
877,412,315.0,390.0
938,375,255.0,345.0
952,312,690.0,420.0
938,289,345.0,960.0
811,496,345.0,510.0
839,286,300.0,135.0
995,465,345.0,465.0
854,350,300.0,120.0
966,314,690.0,255.0
1013,265,285.0,315.0
874,456,285.0,390.0
930,409,240.0,120.0
987,497,270.0,90.0
961,459,315.0,60.0
1010,464,345.0,435.0
897,334,300.0,270.0
825,454,255.0,285.0
921,449,360.0,195.0
803,347,570.0,105.0
821,319,405.0,195.0
929,426,240.0,60.0
970,408,270.0,60.0
995,414,930.0,300.0
772,395,495.0,90.0
943,302,630.0,405.0
909,506,390.0,75.0
1014,310,435.0,90.0
1000,373,300.0,150.0
864,484,330.0,150.0
789,315,255.0,60.0
939,334,240.0,60.0
874,367,270.0,105.0
833,380,360.0,60.0
995,427,285.0,90.0
787,303,660.0,120.0
949,462,570.0,75.0
981,398,555.0,60.0
951,292,1035.0,75.0
376,556,400.0,980.0
295,593,380.0,400.0
385,649,410.0,370.0
376,582,440.0,710.0
328,628,450.0,680.0
338,530,370.0,870.0
496,565,360.0,1340.0
344,665,590.0,680.0
345,637,660.0,920.0
446,523,370.0,970.0
292,666,350.0,600.0
496,580,520.0,690.0
420,665,320.0,560.0
450,665,420.0,430.0
412,576,350.0,520.0
368,684,320.0,740.0
317,610,340.0,550.0
455,612,320.0,240.0
410,703,440.0,480.0
344,544,300.0,440.0
314,590,270.0,570.0
290,625,570.0,450.0
308,520,280.0,250.0
396,634,340.0,360.0
457,642,460.0,540.0
403,615,610.0,700.0
489,701,320.0,260.0
464,740,280.0,310.0
402,737,340.0,240.0
390,740,340.0,330.0
432,575,270.0,60.0
392,686,250.0,420.0
477,646,460.0,430.0
338,595,420.0,470.0
330,586,420.0,440.0
457,721,230.0,140.0
478,738,290.0,170.0
269,519,450.0,360.0
269,600,500.0,480.0
301,640,380.0,320.0
465,605,280.0,440.0
377,525,250.0,180.0
443,562,260.0,50.0
263,536,510.0,240.0
488,718,320.0,250.0
337,741,270.0,130.0
379,717,240.0,250.0
271,677,260.0,70.0
269,712,240.0,80.0
450,733,280.0,70.0
483,749,260.0,100.0
439,629,440.0,440.0
386,541,260.0,80.0
348,617,370.0,180.0
420,759,260.0,80.0
470,658,440.0,370.0
507,679,340.0,110.0
479,676,280.0,80.0
442,544,260.0,90.0
476,626,270.0,80.0
422,625,610.0,180.0
409,660,300.0,50.0
452,580,270.0,120.0
278,577,380.0,110.0
494,546,280.0,200.0
273,745,240.0,50.0
487,659,280.0,60.0
389,619,330.0,240.0
433,625,450.0,290.0
449,589,290.0,90.0
287,762,260.0,120.0
487,672,400.0,70.0
494,646,420.0,220.0
491,749,250.0,60.0
410,718,440.0,360.0
275,590,470.0,180.0
263,587,310.0,130.0
310,652,250.0,80.0
362,556,270.0,90.0
502,758,250.0,120.0
508,547,250.0,70.0
485,683,370.0,90.0
418,722,280.0,60.0
296,717,270.0,90.0
446,571,280.0,50.0
285,732,200.0,110.0
505,640,250.0,80.0
336,563,270.0,70.0
276,608,570.0,310.0
498,695,250.0,60.0
465,762,330.0,90.0
406,626,350.0,70.0
470,649,460.0,70.0
449,596,290.0,50.0
262,548,640.0,230.0
388,557,300.0,70.0
423,618,480.0,190.0
412,691,440.0,60.0
384,736,330.0,60.0
306,725,280.0,80.0
295,617,380.0,50.0
469,763,290.0,60.0
507,557,420.0,70.0
442,668,370.0,50.0
271,763,310.0,50.0
1114,662,795.0,870.0
1196,646,765.0,615.0
1080,548,585.0,630.0
1162,728,915.0,1155.0
1257,736,315.0,570.0
1047,522,315.0,420.0
1067,568,840.0,825.0
1050,681,390.0,495.0
1105,610,375.0,600.0
1256,644,510.0,255.0
1256,533,285.0,225.0
1122,566,420.0,645.0
1268,685,585.0,405.0
1196,690,315.0,240.0
1261,550,645.0,405.0
1189,572,300.0,405.0
1144,720,525.0,435.0
1042,647,870.0,780.0
1231,609,450.0,465.0
1130,644,585.0,585.0
1244,754,300.0,120.0
1216,562,300.0,315.0
1137,700,285.0,180.0
1202,595,270.0,150.0
1212,628,255.0,60.0
1159,534,405.0,330.0
1226,519,315.0,240.0
1035,708,360.0,930.0
1159,596,630.0,435.0
1077,720,315.0,375.0
1094,665,600.0,315.0
1110,556,375.0,330.0
1149,597,465.0,195.0
1179,620,645.0,420.0
1261,702,450.0,480.0
1084,519,450.0,165.0
1062,640,870.0,780.0
1051,729,735.0,525.0
1106,623,285.0,540.0
1122,522,690.0,345.0
1074,671,345.0,345.0
1222,574,330.0,135.0
1050,628,570.0,390.0
1065,599,765.0,180.0
1098,572,300.0,285.0
1094,647,585.0,540.0
1068,698,300.0,210.0
1150,540,420.0,150.0
1206,703,285.0,120.0
1241,647,270.0,75.0
1087,721,285.0,480.0
1226,677,405.0,210.0
1029,740,375.0,120.0
1038,743,675.0,390.0
1275,697,750.0,810.0
1238,689,540.0,315.0
1113,522,975.0,540.0
1177,734,525.0,240.0
1232,699,540.0,180.0
1207,578,270.0,135.0
1110,650,525.0,105.0
1036,604,705.0,315.0
1162,686,270.0,105.0
1048,593,750.0,255.0
1111,580,315.0,90.0
1061,592,750.0,105.0
1049,601,735.0,180.0
1131,558,420.0,60.0
1129,656,585.0,135.0
1083,702,255.0,150.0
1044,719,615.0,345.0
1093,655,600.0,210.0
1275,550,660.0,135.0
1262,580,360.0,180.0
1031,628,525.0,150.0
1158,699,285.0,90.0
1084,689,300.0,60.0
1081,603,585.0,225.0
1179,578,300.0,255.0
1049,693,300.0,180.0
1050,744,735.0,90.0
1191,703,285.0,60.0
1115,644,405.0,345.0
1081,757,465.0,120.0
1222,694,435.0,165.0
1264,666,315.0,105.0
1075,589,690.0,180.0
1054,620,525.0,150.0
1094,637,450.0,150.0
1078,741,315.0,60.0
1077,712,315.0,120.0
1250,571,375.0,120.0
1128,735,315.0,105.0
1139,681,360.0,75.0
1067,585,780.0,225.0
1141,664,540.0,270.0
1181,628,705.0,210.0
1138,558,390.0,60.0
1130,718,525.0,180.0
1058,547,285.0,60.0
1140,674,360.0,60.0
1156,764,855.0,165.0
1073,620,510.0,60.0
1059,727,495.0,120.0
1227,690,525.0,120.0
1229,597,450.0,60.0
1163,719,465.0,150.0
1089,678,675.0,75.0
1251,554,570.0,150.0
1262,572,645.0,60.0
1107,673,675.0,60.0
1056,732,690.0,60.0
1154,758,735.0,60.0
1700,1202,400.0,660.0
1760,1171,350.0,540.0
1733,1086,400.0,970.0
1583,1210,580.0,980.0
1553,1180,330.0,550.0
1696,1150,590.0,760.0
1555,1249,460.0,670.0
1591,1251,300.0,530.0
1757,1248,340.0,340.0
1604,1146,340.0,470.0
1767,1039,460.0,500.0
1613,1271,300.0,320.0
1590,1087,270.0,530.0
1625,1165,340.0,400.0
1763,1189,240.0,440.0
1721,1201,370.0,610.0
1670,1083,190.0,210.0
1787,1120,260.0,500.0
1684,1166,310.0,210.0
1774,1242,270.0,110.0
1589,1059,280.0,160.0
1730,1210,340.0,420.0
1594,1039,280.0,560.0
1717,1125,240.0,250.0
1747,1138,230.0,80.0
1648,1063,220.0,210.0
1562,1169,310.0,130.0
1540,1189,460.0,290.0
1696,1173,310.0,130.0
1741,1064,240.0,320.0
1714,1088,260.0,150.0
1669,1115,180.0,50.0
1696,1272,160.0,130.0
1785,1094,270.0,220.0
1587,1230,270.0,100.0
1651,1048,220.0,100.0
1653,1250,250.0,120.0
1754,1027,600.0,680.0
1645,1165,210.0,90.0
1743,1104,330.0,170.0
1768,1113,210.0,70.0
1779,1080,600.0,390.0
1713,1100,230.0,120.0
1746,1027,570.0,380.0
1586,1193,200.0,60.0
1750,1216,360.0,60.0
1709,1185,390.0,80.0
1544,1203,600.0,230.0
1549,1081,210.0,60.0
1768,1103,230.0,60.0
1568,1225,340.0,210.0
1571,1252,290.0,140.0
1564,1256,310.0,80.0
1728,1108,240.0,100.0
1572,1190,250.0,50.0
1746,1034,410.0,90.0
1725,1115,240.0,70.0
1610,1130,230.0,70.0
1780,1026,740.0,200.0
1622,1182,310.0,70.0
1747,1178,260.0,50.0
1537,1211,830.0,70.0
1786,1075,740.0,100.0
1787,1198,430.0,50.0
788,1066,360.0,590.0
928,1054,470.0,310.0
821,1202,440.0,470.0
997,1175,330.0,580.0
823,1188,500.0,1020.0
791,1153,460.0,520.0
941,1138,400.0,340.0
996,1127,420.0,450.0
970,1250,360.0,260.0
895,1126,310.0,520.0
972,1127,450.0,550.0
938,1165,270.0,670.0
995,1150,310.0,750.0
960,1111,440.0,460.0
952,1048,370.0,490.0
976,1202,340.0,340.0
934,1256,270.0,380.0
786,1111,300.0,320.0
797,1268,220.0,420.0
892,1214,260.0,220.0
807,1080,350.0,970.0
868,1055,410.0,310.0
819,1140,360.0,510.0
904,1084,270.0,310.0
846,1054,400.0,320.0
897,1101,270.0,320.0
824,1035,960.0,760.0
804,1049,410.0,1350.0
918,1095,230.0,70.0
939,1122,370.0,430.0
906,1035,520.0,370.0
808,1132,360.0,550.0
959,1081,270.0,60.0
921,1072,270.0,390.0
790,1173,330.0,300.0
889,1250,230.0,90.0
808,1164,430.0,530.0
947,1255,220.0,410.0
775,1034,340.0,250.0
865,1041,320.0,390.0
880,1072,410.0,150.0
1017,1166,230.0,270.0
954,1186,250.0,100.0
953,1209,210.0,80.0
929,1038,440.0,220.0
940,1080,260.0,110.0
888,1063,240.0,190.0
789,1089,280.0,370.0
811,1196,300.0,130.0
904,1055,240.0,130.0
947,1091,270.0,90.0
922,1031,650.0,140.0
789,1130,270.0,140.0
962,1027,310.0,120.0
1016,1137,950.0,170.0
930,1141,360.0,130.0
951,1102,400.0,130.0
816,1214,220.0,110.0
804,1099,320.0,210.0
894,1270,310.0,90.0
931,1045,440.0,50.0
960,1166,260.0,50.0
816,1157,310.0,110.0
814,1045,660.0,170.0
798,1083,350.0,60.0
443,224,360.0,1070.0
384,67,310.0,370.0
463,227,340.0,1150.0
473,48,490.0,910.0
385,194,680.0,1310.0
410,95,370.0,500.0
398,226,620.0,700.0
377,147,550.0,410.0
324,88,340.0,680.0
438,113,390.0,250.0
416,36,240.0,320.0
357,103,260.0,460.0
493,98,590.0,810.0
463,115,240.0,310.0
436,45,270.0,510.0
352,12,250.0,420.0
423,172,240.0,240.0
341,93,330.0,410.0
285,83,240.0,650.0
272,101,240.0,310.0
357,32,240.0,70.0
276,15,410.0,170.0
495,19,260.0,220.0
465,1,740.0,270.0
462,204,260.0,200.0
504,56,260.0,90.0
482,144,250.0,110.0
436,10,260.0,80.0
495,66,240.0,120.0
484,74,200.0,60.0
278,29,200.0,50.0
360,234,240.0,220.0
402,56,320.0,150.0
260,17,460.0,240.0
498,203,260.0,70.0
277,183,190.0,50.0
344,25,240.0,70.0
375,89,270.0,50.0
398,174,550.0,150.0
450,249,300.0,130.0
442,246,270.0,140.0
320,125,180.0,110.0
505,164,800.0,110.0
404,63,310.0,100.0
465,241,260.0,60.0
262,195,530.0,190.0
440,195,270.0,130.0
407,116,250.0,80.0
385,162,340.0,120.0
336,7,730.0,70.0
404,207,490.0,350.0
272,241,260.0,80.0
381,209,540.0,170.0
397,64,320.0,60.0
337,11,670.0,750.0
452,181,230.0,60.0
395,51,210.0,50.0
506,94,590.0,140.0
361,19,230.0,50.0
373,135,370.0,80.0
394,202,360.0,50.0
480,1,790.0,70.0
2028,1328,230.0,530.0
1896,1415,260.0,420.0
1839,1356,300.0,440.0
1884,1399,410.0,1360.0
1851,1428,260.0,660.0
2016,1353,210.0,630.0
1914,1323,250.0,220.0
1936,1479,270.0,830.0
2024,1305,240.0,430.0
1957,1344,200.0,200.0
1878,1309,250.0,320.0
1883,1341,250.0,370.0
1899,1504,210.0,370.0
1997,1370,160.0,50.0
1924,1346,190.0,80.0
1827,1405,190.0,280.0
1805,1410,240.0,790.0
1835,1295,250.0,350.0
1931,1451,210.0,180.0
1812,1436,170.0,150.0
1822,1335,220.0,170.0
1983,1306,230.0,120.0
1951,1478,210.0,360.0
1960,1306,230.0,120.0
1822,1519,160.0,230.0
1962,1466,200.0,280.0
1834,1379,260.0,200.0
1867,1347,220.0,310.0
1945,1319,230.0,50.0
1889,1529,190.0,80.0
1861,1318,240.0,170.0
1990,1323,180.0,80.0
2036,1353,220.0,80.0
1894,1320,230.0,60.0
1931,1430,200.0,200.0
1976,1462,200.0,80.0
2017,1291,230.0,90.0
1853,1486,160.0,50.0
2044,1358,220.0,100.0
1844,1450,190.0,80.0
2042,1291,330.0,60.0
389,439,525.0,720.0
471,275,300.0,1530.0
375,303,660.0,1365.0
361,423,660.0,1710.0
324,345,390.0,870.0
416,293,330.0,1365.0
437,342,420.0,750.0
386,396,420.0,1110.0
497,504,675.0,810.0
474,371,345.0,1155.0
356,289,780.0,1230.0
394,342,330.0,705.0
288,488,285.0,525.0
403,500,330.0,915.0
280,431,285.0,345.0
420,469,660.0,615.0
441,489,660.0,330.0
383,487,285.0,420.0
412,335,315.0,480.0
362,497,300.0,75.0
469,309,240.0,285.0
443,408,255.0,105.0
372,344,330.0,330.0
456,373,240.0,120.0
456,483,435.0,375.0
424,266,285.0,390.0
434,498,525.0,360.0
498,443,255.0,135.0
341,448,270.0,180.0
321,365,240.0,75.0
465,296,255.0,90.0
397,260,255.0,315.0
395,370,270.0,90.0
365,461,255.0,180.0
397,315,300.0,195.0
474,486,585.0,135.0
303,428,255.0,60.0
363,470,285.0,120.0
422,337,285.0,180.0
428,344,345.0,105.0
494,491,285.0,195.0
506,318,375.0,90.0
293,438,270.0,75.0
378,322,285.0,75.0
504,368,240.0,60.0
331,279,705.0,165.0
477,468,270.0,60.0
430,261,300.0,60.0
449,480,435.0,165.0
357,277,780.0,120.0
502,304,645.0,120.0
412,503,330.0,60.0
2007,852,525.0,825.0
2016,952,435.0,825.0
1936,786,255.0,585.0
1953,958,300.0,465.0
1808,824,285.0,825.0
1975,933,420.0,1215.0
2023,799,300.0,1200.0
1944,917,240.0,225.0
1845,874,300.0,1065.0
1873,899,210.0,615.0
1956,941,255.0,540.0
1955,795,240.0,345.0
1864,1005,285.0,420.0
1907,835,210.0,210.0
1988,856,255.0,1155.0
1983,961,255.0,435.0
1915,857,240.0,315.0
1811,881,300.0,420.0
1894,910,270.0,150.0
1840,933,270.0,300.0
1798,855,600.0,1650.0
1947,834,255.0,210.0
1995,931,300.0,255.0
1871,986,270.0,825.0
1941,868,240.0,240.0
1858,944,225.0,180.0
2007,897,225.0,660.0
1974,806,210.0,225.0
1993,820,390.0,1005.0
1953,873,240.0,225.0
1936,883,285.0,120.0
1983,1016,390.0,1575.0
1993,970,255.0,315.0
2034,839,240.0,165.0
2035,970,210.0,255.0
1917,913,270.0,360.0
1853,1015,270.0,315.0
2008,882,225.0,225.0
2013,787,240.0,195.0
1908,874,180.0,180.0
1838,920,270.0,195.0
1797,879,405.0,255.0
1883,862,210.0,60.0
1893,790,270.0,165.0
1935,903,240.0,105.0
1821,849,225.0,165.0
2032,943,225.0,90.0
1874,769,510.0,135.0
1949,971,240.0,90.0
1859,817,270.0,75.0
1895,860,210.0,75.0
2041,984,195.0,60.0
1870,788,240.0,60.0
1852,848,270.0,105.0
1795,867,600.0,420.0
2013,865,270.0,60.0
1857,838,270.0,75.0
2020,908,255.0,60.0
2044,832,495.0,90.0
1806,1017,360.0,60.0
1887,774,465.0,75.0
1398,1566,250.0,900.0
1334,1570,260.0,260.0
1435,1697,240.0,490.0
1313,1623,310.0,750.0
1366,1606,240.0,1340.0
1487,1614,250.0,680.0
1434,1673,320.0,550.0
1408,1631,210.0,1110.0
1506,1617,250.0,850.0
1352,1600,340.0,410.0
1326,1602,220.0,110.0
1483,1564,280.0,1200.0
1466,1649,220.0,310.0
1344,1691,240.0,240.0
1453,1658,230.0,730.0
1296,1662,200.0,380.0
1483,1583,260.0,410.0
1517,1644,280.0,310.0
1391,1609,190.0,110.0
1413,1662,320.0,660.0
1370,1543,240.0,150.0
1350,1542,250.0,380.0
1476,1622,270.0,300.0
1422,1689,240.0,160.0
1378,1633,260.0,130.0
1360,1684,250.0,50.0
1341,1613,340.0,140.0
1397,1584,250.0,170.0
1367,1585,220.0,240.0
1406,1699,220.0,60.0
1494,1699,240.0,70.0
1474,1690,220.0,50.0
1511,1638,280.0,190.0
1301,1579,220.0,50.0
1375,1558,240.0,150.0
1373,1575,200.0,80.0
1459,1621,270.0,60.0
1495,1566,280.0,170.0
1325,1568,250.0,100.0
1288,1643,310.0,210.0
1395,1658,240.0,100.0
1526,1623,250.0,70.0
1378,1651,260.0,250.0
1480,1688,230.0,60.0
1531,1552,580.0,270.0
1432,1606,240.0,50.0
1512,1587,210.0,80.0
1398,1672,200.0,80.0
874,623,840.0,720.0
884,661,480.0,450.0
774,544,735.0,540.0
828,722,1080.0,1230.0
964,633,735.0,675.0
921,584,300.0,780.0
999,639,765.0,675.0
995,684,420.0,210.0
931,667,300.0,795.0
897,686,360.0,705.0
873,524,270.0,345.0
930,630,330.0,225.0
906,755,615.0,1245.0
793,528,330.0,180.0
1001,609,540.0,840.0
944,698,435.0,225.0
870,736,465.0,240.0
824,682,300.0,315.0
867,686,300.0,300.0
825,541,255.0,195.0
872,599,315.0,75.0
829,753,285.0,405.0
822,633,630.0,570.0
788,713,330.0,165.0
965,681,300.0,240.0
837,640,390.0,165.0
837,677,300.0,300.0
867,570,300.0,165.0
896,701,300.0,90.0
791,600,285.0,180.0
943,651,465.0,315.0
788,623,270.0,90.0
849,663,300.0,390.0
854,749,450.0,285.0
883,616,705.0,750.0
795,651,1080.0,750.0
840,532,255.0,195.0
812,661,705.0,795.0
925,606,285.0,360.0
813,641,1080.0,615.0
975,646,615.0,375.0
828,668,300.0,165.0
879,724,405.0,195.0
883,640,345.0,375.0
792,667,345.0,390.0
929,648,465.0,195.0
931,696,435.0,105.0
860,666,300.0,60.0
972,601,315.0,165.0
774,681,315.0,390.0
809,518,300.0,105.0
801,694,285.0,75.0
839,619,270.0,210.0
954,521,240.0,165.0
864,585,285.0,210.0
870,759,915.0,435.0
896,607,270.0,315.0
790,726,315.0,225.0
997,700,420.0,75.0
820,706,270.0,105.0
785,660,450.0,225.0
886,737,270.0,210.0
894,594,270.0,75.0
961,548,270.0,75.0
775,716,390.0,195.0
831,740,285.0,210.0
914,609,270.0,60.0
953,656,705.0,150.0
781,579,285.0,75.0
900,735,300.0,60.0
943,638,285.0,150.0
871,722,405.0,180.0
998,598,540.0,150.0
982,572,285.0,150.0
799,644,1080.0,420.0
994,620,540.0,60.0
906,584,285.0,75.0
817,718,1005.0,225.0
1020,547,315.0,60.0
925,559,270.0,75.0
889,669,435.0,105.0
841,733,885.0,60.0
1640,946,264.0,384.0
1571,823,552.0,400.0
1673,986,240.0,352.0
1741,939,248.0,256.0
1713,842,336.0,840.0
1750,813,256.0,400.0
1677,922,232.0,216.0
1641,817,264.0,408.0
1744,786,432.0,992.0
1766,823,240.0,448.0
1699,794,256.0,80.0
1772,942,240.0,320.0
1772,804,248.0,664.0
1641,928,192.0,80.0
1754,902,272.0,336.0
1693,774,576.0,336.0
1782,838,256.0,640.0
1610,990,192.0,192.0
1771,994,208.0,80.0
1658,817,264.0,304.0
1562,893,216.0,104.0
1704,961,512.0,224.0
1612,836,208.0,160.0
1768,773,264.0,648.0
1701,924,400.0,576.0
1542,984,784.0,184.0
1720,918,400.0,480.0
1667,898,232.0,56.0
1667,863,192.0,112.0
1757,1018,408.0,280.0
1735,843,232.0,80.0
1617,1009,184.0,80.0
1747,828,232.0,96.0
1560,914,248.0,200.0
1775,1017,400.0,248.0
1735,915,272.0,72.0
1772,960,224.0,56.0
1642,910,224.0,80.0
1709,825,336.0,176.0
1731,797,208.0,56.0
1708,947,512.0,72.0
1780,998,208.0,88.0
1542,914,568.0,160.0
1768,906,216.0,176.0
1642,871,232.0,64.0
1654,963,264.0,224.0
1709,770,304.0,72.0
1733,771,488.0,312.0
1580,945,256.0,128.0
1620,903,216.0,104.0
1630,933,208.0,56.0
1575,856,184.0,72.0
1715,930,384.0,56.0
1443,784,420.0,1800.0
1301,819,795.0,1185.0
1469,840,510.0,240.0
1433,874,450.0,1710.0
1363,839,855.0,1500.0
1486,860,450.0,1605.0
1291,873,480.0,510.0
1517,830,330.0,600.0
1344,973,450.0,345.0
1503,987,285.0,645.0
1404,888,300.0,1485.0
1439,837,300.0,660.0
1426,960,210.0,450.0
1377,814,300.0,495.0
1463,786,315.0,165.0
1493,809,525.0,930.0
1432,808,375.0,945.0
1444,911,285.0,660.0
1427,1004,630.0,420.0
1509,866,330.0,240.0
1500,926,315.0,630.0
1465,918,285.0,510.0
1330,976,450.0,330.0
1418,1016,630.0,435.0
1419,821,345.0,390.0
1312,1005,630.0,300.0
1355,939,285.0,300.0
1435,1010,390.0,90.0
1337,886,270.0,180.0
1313,860,405.0,510.0
1436,819,375.0,480.0
1284,889,300.0,240.0
1361,1008,495.0,90.0
1500,826,525.0,825.0
1516,891,360.0,150.0
1335,835,240.0,165.0
1301,804,390.0,120.0
1489,833,315.0,210.0
1392,825,285.0,90.0
1351,860,405.0,375.0
1488,794,345.0,360.0
1350,982,375.0,90.0
1401,1014,510.0,315.0
1309,1019,765.0,255.0
1461,775,285.0,90.0
1394,992,240.0,165.0
1366,963,600.0,90.0
1314,890,285.0,255.0
1404,909,315.0,90.0
1350,883,270.0,120.0
1415,876,270.0,105.0
1519,904,405.0,120.0
1477,868,300.0,105.0
1363,945,495.0,135.0
1434,990,615.0,135.0
1451,831,420.0,285.0
1501,849,270.0,105.0
1318,962,420.0,60.0
1326,840,225.0,105.0
1435,982,495.0,150.0
1506,875,255.0,60.0
1319,1016,480.0,120.0
1416,769,300.0,60.0
1303,1014,765.0,60.0
1491,904,225.0,60.0
1416,991,375.0,75.0
1383,769,570.0,120.0
1502,833,360.0,105.0
1531,906,675.0,150.0
1369,976,570.0,105.0
1040,1483,1035.0,1605.0
1137,1446,870.0,1305.0
1102,1469,1080.0,1455.0
1086,1399,990.0,915.0
1094,1483,1185.0,1095.0
1141,1488,690.0,1455.0
1122,1522,540.0,990.0
1202,1460,450.0,600.0
1092,1425,360.0,330.0
1050,1408,360.0,450.0
1191,1519,330.0,1080.0
1245,1353,165.0,285.0
1115,1474,600.0,1395.0
1241,1464,240.0,420.0
1075,1424,780.0,1035.0
1040,1448,1725.0,825.0
1042,1304,210.0,195.0
1030,1513,510.0,1050.0
1243,1452,195.0,75.0
1153,1524,330.0,345.0
1053,1317,285.0,135.0
1066,1335,285.0,225.0
1193,1508,330.0,270.0
1150,1419,240.0,285.0
1061,1525,300.0,75.0
1217,1368,165.0,75.0
1031,1449,1725.0,525.0
1111,1420,300.0,150.0
1130,1458,345.0,360.0
1080,1369,270.0,180.0
1126,1480,270.0,135.0
1176,1515,330.0,75.0
1155,1475,300.0,195.0
1103,1434,315.0,105.0
1065,1414,300.0,255.0
1253,1457,240.0,120.0
1189,1451,450.0,165.0
1187,1461,270.0,150.0
1211,1530,270.0,60.0
1176,1502,300.0,75.0
1216,1465,330.0,255.0
1032,1503,465.0,90.0
1051,1425,360.0,165.0
1120,1456,330.0,90.0
1079,1442,330.0,90.0
1041,1505,465.0,195.0
1273,1421,210.0,60.0
1139,1518,525.0,105.0
1038,1469,750.0,75.0
1054,1503,945.0,120.0
1066,1444,390.0,90.0
1044,1461,615.0,105.0
1042,1454,915.0,75.0
1087,1476,615.0,75.0
1806,1597,186.0,60.0
1805,1580,243.0,297.0
1860,1548,183.0,57.0
1574,537,285.0,705.0
1683,660,390.0,1785.0
1731,756,345.0,660.0
1688,640,315.0,765.0
1742,618,375.0,1875.0
1667,602,420.0,810.0
1735,720,330.0,825.0
1761,749,315.0,420.0
1739,669,330.0,1020.0
1561,634,270.0,315.0
1648,631,255.0,285.0
1582,752,345.0,435.0
1620,574,270.0,225.0
1599,738,255.0,270.0
1603,634,285.0,285.0
1586,544,315.0,480.0
1629,741,210.0,75.0
1774,531,435.0,465.0
1574,558,315.0,450.0
1723,555,225.0,60.0
1633,553,225.0,165.0
1693,718,240.0,195.0
1681,747,210.0,390.0
1662,663,300.0,90.0
1673,638,270.0,300.0
1751,525,195.0,375.0
1700,562,255.0,225.0
1786,626,885.0,1410.0
1542,572,465.0,570.0
1557,753,240.0,90.0
1732,736,285.0,165.0
1568,606,210.0,90.0
1569,751,345.0,300.0
1584,700,270.0,180.0
1769,639,255.0,210.0
1691,622,330.0,270.0
1655,670,300.0,195.0
1553,598,225.0,75.0
1760,629,300.0,210.0
1589,660,225.0,150.0
1699,613,240.0,90.0
1787,636,1050.0,405.0
1750,639,270.0,90.0
1650,711,240.0,60.0
1769,535,435.0,210.0
1738,524,195.0,75.0
1614,582,270.0,120.0
1711,759,270.0,75.0
1674,716,240.0,75.0
1602,624,285.0,90.0
1648,658,315.0,105.0
1764,758,300.0,90.0
1547,701,375.0,60.0
1700,677,240.0,60.0
1738,764,555.0,90.0
1585,715,240.0,75.0
1742,726,270.0,60.0
1600,696,240.0,75.0
1181,1148,300.0,240.0
1262,1077,320.0,300.0
1134,1096,1080.0,1000.0
1066,1164,500.0,680.0
1212,1154,580.0,500.0
1077,1117,410.0,1000.0
1057,1081,540.0,620.0
1162,1269,350.0,550.0
1242,1191,310.0,510.0
1163,1220,310.0,250.0
1148,1227,430.0,510.0
1195,1219,370.0,250.0
1166,1096,320.0,520.0
1259,1044,570.0,350.0
1251,1217,340.0,220.0
1043,1267,260.0,340.0
1047,1232,600.0,790.0
1211,1235,310.0,180.0
1169,1180,210.0,480.0
1205,1184,300.0,210.0
1038,1160,300.0,220.0
1185,1266,260.0,350.0
1206,1038,610.0,680.0
1113,1195,320.0,160.0
1151,1041,250.0,520.0
1136,1188,230.0,350.0
1071,1229,250.0,250.0
1061,1206,300.0,190.0
1105,1102,290.0,260.0
1056,1111,290.0,200.0
1167,1111,240.0,390.0
1263,1184,280.0,280.0
1219,1084,280.0,190.0
1105,1042,260.0,340.0
1074,1066,440.0,340.0
1216,1141,410.0,600.0
1135,1111,370.0,260.0
1061,1039,830.0,290.0
1120,1261,200.0,290.0
1111,1176,230.0,60.0
1097,1270,840.0,350.0
1078,1028,290.0,280.0
1248,1056,480.0,330.0
1263,1222,310.0,110.0
1260,1172,250.0,50.0
1070,1051,490.0,150.0
1116,1112,590.0,270.0
1057,1171,450.0,150.0
1161,1242,230.0,60.0
1074,1079,470.0,140.0
1058,1031,830.0,270.0
1143,1152,270.0,70.0
1221,1066,530.0,200.0
1212,1060,610.0,120.0
1040,1229,600.0,90.0
1197,1155,330.0,70.0
1099,1194,260.0,50.0
1240,1033,560.0,80.0
1107,1115,290.0,50.0
1067,1092,450.0,70.0
1134,1080,680.0,290.0
1256,1052,560.0,100.0
1276,1178,820.0,150.0
1177,1106,250.0,60.0
1235,1026,710.0,50.0
1078,1621,390.0,570.0
1042,1594,840.0,1815.0
1119,1593,600.0,1560.0
1148,1557,900.0,1320.0
1119,1649,420.0,840.0
1088,1595,465.0,1455.0
1127,1579,540.0,1230.0
1173,1581,360.0,1425.0
1204,1585,345.0,465.0
1104,1614,315.0,750.0
1144,1591,405.0,1095.0
1171,1652,435.0,540.0
1156,1580,360.0,810.0
1152,1638,570.0,1455.0
1119,1552,330.0,195.0
1140,1625,570.0,435.0
1223,1596,255.0,240.0
1178,1659,330.0,345.0
1163,1602,405.0,465.0
1268,1609,165.0,120.0
1055,1571,390.0,675.0
1183,1590,330.0,675.0
1190,1624,300.0,465.0
1198,1593,345.0,315.0
1068,1589,315.0,135.0
1075,1608,345.0,450.0
1239,1653,255.0,60.0
1203,1565,345.0,300.0
1150,1540,435.0,75.0
1186,1605,285.0,180.0
1084,1583,465.0,585.0
1262,1637,180.0,75.0
1092,1645,345.0,165.0
1163,1557,375.0,210.0
1061,1600,405.0,180.0
1135,1658,330.0,90.0
1185,1566,330.0,105.0
1148,1601,360.0,105.0
1198,1625,315.0,90.0
1027,1538,375.0,165.0
1154,1623,390.0,285.0
1124,1622,420.0,150.0
1195,1646,435.0,180.0
1221,1624,285.0,105.0
1119,1640,300.0,90.0
1118,1612,360.0,120.0
1190,1646,435.0,120.0
1031,1549,630.0,120.0
1162,1664,315.0,75.0
1026,1559,2160.0,300.0
1277,1672,765.0,165.0
1169,1562,360.0,60.0
1121,1606,510.0,60.0
1049,1602,705.0,75.0
1128,1617,525.0,60.0
916,1319,1200.0,2600.0
955,1415,1000.0,740.0
871,1388,860.0,2160.0
881,1360,1180.0,1540.0
954,1474,900.0,860.0
913,1344,1140.0,780.0
871,1506,1160.0,1500.0
812,1435,520.0,1840.0
941,1363,860.0,1660.0
835,1463,1000.0,1940.0
818,1499,560.0,1580.0
923,1490,360.0,1060.0
978,1376,320.0,300.0
790,1390,260.0,280.0
1016,1317,180.0,120.0
858,1494,940.0,1500.0
808,1329,260.0,280.0
993,1513,400.0,580.0
965,1360,340.0,440.0
945,1376,660.0,1160.0
781,1323,200.0,300.0
926,1521,620.0,1880.0
863,1318,320.0,800.0
929,1297,300.0,320.0
957,1501,300.0,640.0
782,1423,180.0,220.0
901,1475,400.0,1280.0
943,1326,360.0,640.0
981,1483,340.0,100.0
958,1447,740.0,1320.0
857,1331,320.0,260.0
899,1516,480.0,480.0
776,1401,260.0,240.0
976,1499,320.0,640.0
861,1466,300.0,420.0
1009,1511,540.0,800.0
903,1300,320.0,580.0
887,1342,320.0,240.0
1012,1528,500.0,1040.0
858,1305,320.0,520.0
793,1407,240.0,160.0
781,1341,220.0,140.0
848,1376,420.0,460.0
820,1522,440.0,260.0
896,1493,340.0,180.0
798,1494,360.0,860.0
811,1485,300.0,380.0
787,1444,220.0,100.0
1008,1440,260.0,340.0
976,1463,360.0,320.0
823,1349,240.0,120.0
943,1396,740.0,440.0
907,1528,360.0,680.0
905,1489,380.0,180.0
812,1412,240.0,300.0
926,1467,400.0,320.0
877,1467,320.0,100.0
819,1394,280.0,140.0
904,1507,480.0,500.0
909,1358,740.0,420.0
858,1437,320.0,140.0
918,1451,380.0,240.0
952,1515,280.0,180.0
923,1385,320.0,80.0
964,1404,280.0,140.0
848,1331,340.0,200.0
885,1479,280.0,160.0
815,1472,300.0,300.0
975,1429,320.0,60.0
860,1340,300.0,240.0
791,1471,260.0,100.0
842,1498,940.0,540.0
868,1478,320.0,180.0
899,1290,320.0,280.0
946,1347,360.0,160.0
931,1510,620.0,100.0
833,1528,340.0,80.0
892,1317,320.0,160.0
888,1324,320.0,140.0
912,1501,460.0,360.0
890,1451,260.0,80.0
912,1463,400.0,60.0
950,1427,960.0,780.0
876,1488,420.0,100.0
858,1502,820.0,480.0
1020,1507,580.0,200.0
778,1359,380.0,80.0
807,1499,360.0,100.0
861,1522,460.0,280.0
877,1403,820.0,80.0
883,1397,540.0,280.0
945,1462,460.0,100.0
838,1387,260.0,80.0
926,1329,420.0,100.0
819,1514,440.0,80.0
908,1516,380.0,160.0
838,1510,380.0,100.0
905,1497,420.0,80.0
868,1429,280.0,60.0
819,1452,360.0,80.0
895,1349,320.0,100.0
885,1382,1060.0,200.0
875,1497,500.0,280.0
836,1489,680.0,140.0
946,1502,300.0,60.0
772,1364,380.0,80.0
964,1507,280.0,100.0
901,1363,640.0,120.0
831,1475,460.0,100.0
926,1531,540.0,60.0
864,1364,360.0,80.0
832,1479,500.0,220.0
770,1380,280.0,60.0
876,1284,1080.0,60.0
861,1514,520.0,140.0
949,1368,600.0,60.0
967,1467,700.0,80.0
1021,1518,680.0,60.0
733,155,320.0,344.0
546,76,376.0,360.0
700,204,336.0,1248.0
683,237,488.0,488.0
673,187,328.0,632.0
561,144,432.0,792.0
626,241,808.0,472.0
720,207,504.0,656.0
540,46,488.0,832.0
564,42,448.0,816.0
677,117,536.0,400.0
756,8,672.0,408.0
526,67,480.0,616.0
625,187,248.0,488.0
707,39,312.0,312.0
610,37,304.0,432.0
667,150,320.0,368.0
524,87,288.0,400.0
570,135,392.0,472.0
592,9,256.0,304.0
605,228,472.0,1056.0
663,44,232.0,160.0
681,148,320.0,496.0
719,145,296.0,192.0
705,126,232.0,120.0
758,127,464.0,320.0
614,101,208.0,136.0
620,143,248.0,56.0
759,176,656.0,624.0
718,72,448.0,144.0
754,244,808.0,512.0
520,51,376.0,432.0
759,187,304.0,336.0
726,194,560.0,216.0
655,179,248.0,112.0
671,7,512.0,256.0
742,234,576.0,120.0
727,64,448.0,184.0
666,236,320.0,96.0
540,250,264.0,88.0
695,242,256.0,200.0
648,163,256.0,80.0
655,136,288.0,240.0
720,183,560.0,280.0
733,212,496.0,216.0
560,242,808.0,328.0
684,15,272.0,104.0
709,180,536.0,216.0
578,219,224.0,56.0
685,179,416.0,160.0
739,202,464.0,192.0
590,196,240.0,80.0
706,188,488.0,248.0
599,141,232.0,72.0
558,249,920.0,216.0
739,242,360.0,152.0
545,3,552.0,152.0
741,220,440.0,144.0
695,194,320.0,104.0
553,202,256.0,56.0
664,141,320.0,96.0
570,25,408.0,72.0
519,80,272.0,64.0
694,171,424.0,72.0
757,249,808.0,56.0
612,248,768.0,80.0
