1169,1557,435.0,435.0
1221,1781,465.0,2070.0
1049,1667,330.0,990.0
1070,1702,390.0,1950.0
1215,1609,675.0,645.0
1099,1764,330.0,915.0
1269,1582,375.0,975.0
1257,1542,375.0,900.0
1031,1737,285.0,195.0
1111,1682,375.0,1410.0
1178,1597,225.0,765.0
1086,1576,255.0,180.0
1224,1707,255.0,330.0
1253,1563,315.0,555.0
1148,1556,285.0,210.0
1193,1575,270.0,645.0
1154,1723,300.0,405.0
1266,1609,285.0,330.0
1165,1767,285.0,390.0
1038,1623,240.0,420.0
1204,1662,270.0,780.0
1179,1676,210.0,120.0
1256,1707,225.0,765.0
1138,1721,315.0,240.0
1104,1781,330.0,210.0
1201,1716,270.0,435.0
1189,1690,195.0,255.0
1216,1646,240.0,315.0
1215,1629,450.0,435.0
1195,1750,195.0,345.0
1186,1763,300.0,360.0
1271,1772,300.0,450.0
1054,1721,255.0,135.0
1042,1727,255.0,165.0
1221,1717,225.0,75.0
1116,1742,300.0,405.0
1066,1573,195.0,75.0
1140,1750,255.0,60.0
1036,1769,225.0,180.0
1047,1607,255.0,180.0
1094,1698,315.0,120.0
1068,1590,270.0,225.0
1173,1721,270.0,150.0
1049,1579,270.0,75.0
1099,1596,255.0,75.0
1100,1717,270.0,75.0
1031,1560,315.0,165.0
1092,1715,255.0,60.0
1269,1598,255.0,75.0
1119,1750,300.0,60.0
1032,1568,330.0,105.0
1274,1566,330.0,60.0
1397,219,280.0,930.0
1307,185,680.0,1100.0
1390,194,280.0,590.0
1439,225,330.0,780.0
1311,11,240.0,590.0
1394,60,190.0,50.0
1319,95,340.0,1570.0
1460,157,260.0,560.0
1433,172,270.0,440.0
1365,155,400.0,640.0
1371,216,250.0,280.0
1460,206,270.0,620.0
1353,104,260.0,400.0
1497,234,480.0,480.0
1488,212,480.0,660.0
1402,114,250.0,110.0
1437,201,390.0,360.0
1404,171,340.0,590.0
1384,102,240.0,50.0
1426,203,370.0,430.0
1438,210,390.0,500.0
1294,120,200.0,180.0
1527,247,330.0,180.0
1355,134,400.0,270.0
1298,105,190.0,310.0
1342,30,240.0,150.0
1314,67,230.0,130.0
1405,183,340.0,280.0
1338,18,240.0,130.0
1365,43,230.0,390.0
1439,122,220.0,190.0
1482,188,290.0,80.0
1330,87,340.0,390.0
1424,234,320.0,360.0
1290,174,270.0,250.0
1488,246,240.0,100.0
1343,80,270.0,110.0
1330,77,290.0,440.0
1511,202,240.0,90.0
1296,23,210.0,60.0
1305,245,270.0,170.0
1416,213,280.0,60.0
1335,177,170.0,70.0
1351,52,240.0,60.0
1431,130,220.0,50.0
1381,181,240.0,50.0
1289,141,270.0,140.0
1436,251,460.0,160.0
1328,206,390.0,150.0
1293,148,220.0,50.0
1382,226,230.0,70.0
1475,200,240.0,70.0
1290,17,210.0,90.0
1357,45,230.0,50.0
1282,145,300.0,80.0
1405,100,250.0,50.0
1440,246,450.0,70.0
823,2027,300.0,630.0
880,2011,525.0,1500.0
935,2014,255.0,1185.0
811,1879,300.0,930.0
952,1849,255.0,540.0
874,1804,315.0,735.0
862,1916,330.0,360.0
819,1912,270.0,375.0
799,1809,330.0,450.0
947,1961,270.0,555.0
999,2035,270.0,555.0
918,1812,210.0,615.0
966,1993,330.0,315.0
864,1880,375.0,405.0
944,1815,210.0,135.0
898,2024,270.0,300.0
964,1889,255.0,315.0
896,1997,285.0,825.0
799,1993,285.0,825.0
799,1877,300.0,795.0
983,2021,255.0,225.0
973,1852,210.0,135.0
916,1838,270.0,135.0
795,1963,285.0,180.0
822,1850,225.0,120.0
802,1854,255.0,105.0
956,1830,225.0,60.0
946,1986,225.0,210.0
896,1874,240.0,75.0
983,1949,270.0,75.0
902,1928,270.0,195.0
772,2010,270.0,210.0
900,1830,270.0,120.0
849,1801,255.0,195.0
880,1848,240.0,90.0
882,1909,255.0,75.0
872,1825,285.0,285.0
798,1938,270.0,90.0
916,2025,225.0,90.0
1016,1971,285.0,75.0
872,1900,375.0,285.0
989,1959,270.0,135.0
938,1897,270.0,105.0
882,1826,285.0,165.0
817,2013,300.0,135.0
988,2036,255.0,90.0
771,1800,285.0,165.0
980,2010,240.0,90.0
876,1875,270.0,75.0
841,1927,240.0,60.0
809,1944,270.0,60.0
949,2011,195.0,60.0
894,1890,225.0,75.0
966,1966,300.0,60.0
850,1931,300.0,90.0
911,2043,240.0,60.0
974,2027,225.0,60.0
493,1916,285.0,945.0
344,1837,345.0,1200.0
406,1913,435.0,870.0
286,1880,435.0,1500.0
481,1948,255.0,675.0
425,1907,300.0,1095.0
308,1875,360.0,825.0
491,1860,315.0,1695.0
313,1835,315.0,1710.0
398,1962,315.0,600.0
424,1878,315.0,795.0
433,1992,300.0,555.0
411,2004,315.0,1470.0
366,1830,315.0,705.0
283,1956,315.0,480.0
467,1903,270.0,345.0
481,1975,240.0,210.0
465,1826,240.0,90.0
414,1946,360.0,645.0
287,2032,225.0,330.0
322,1799,435.0,1380.0
466,2007,315.0,975.0
442,2015,300.0,1170.0
393,1930,345.0,495.0
391,2021,330.0,765.0
283,1900,315.0,645.0
275,1926,315.0,720.0
451,1873,345.0,405.0
353,1866,330.0,1005.0
283,1941,315.0,795.0
314,1819,315.0,690.0
372,1993,600.0,780.0
506,1964,330.0,1350.0
401,1835,210.0,615.0
301,1908,195.0,60.0
312,2017,255.0,420.0
364,1894,285.0,195.0
369,1872,315.0,285.0
406,1935,360.0,375.0
329,1856,240.0,420.0
300,1948,285.0,240.0
465,1853,345.0,855.0
483,2031,315.0,255.0
354,1918,300.0,270.0
443,2034,270.0,225.0
393,1865,285.0,285.0
467,1889,240.0,705.0
369,1977,600.0,540.0
477,1859,270.0,105.0
416,2023,315.0,120.0
422,2037,330.0,150.0
350,1883,330.0,330.0
389,2035,270.0,105.0
396,2009,330.0,390.0
458,1814,240.0,315.0
267,1979,240.0,120.0
277,1980,255.0,195.0
362,2004,345.0,390.0
361,1952,270.0,465.0
335,1909,240.0,120.0
267,1873,435.0,600.0
358,1818,255.0,225.0
333,1872,300.0,375.0
329,1939,285.0,180.0
369,2024,315.0,165.0
341,1865,270.0,270.0
338,2032,240.0,90.0
280,1802,270.0,180.0
318,1880,285.0,60.0
324,1816,330.0,60.0
361,1906,270.0,105.0
456,1860,345.0,285.0
506,2019,705.0,330.0
289,1853,315.0,150.0
462,1876,225.0,75.0
348,1933,270.0,165.0
355,1989,225.0,120.0
259,1878,645.0,300.0
478,1903,270.0,165.0
389,2003,315.0,240.0
375,1968,420.0,435.0
276,2000,270.0,60.0
268,1892,315.0,105.0
419,1854,285.0,165.0
380,1840,315.0,135.0
458,1925,285.0,120.0
418,1982,270.0,75.0
391,1995,285.0,120.0
441,1878,300.0,255.0
456,1846,240.0,75.0
337,1802,345.0,105.0
412,1873,315.0,105.0
447,1962,270.0,60.0
262,1858,285.0,90.0
270,2010,285.0,75.0
427,2002,300.0,75.0
269,2025,225.0,75.0
371,2039,735.0,120.0
428,1865,285.0,90.0
404,1869,300.0,75.0
283,1815,300.0,60.0
418,1965,300.0,60.0
377,1985,480.0,105.0
790,1145,450.0,740.0
1003,1250,320.0,690.0
982,1191,330.0,630.0
894,1049,420.0,810.0
780,1223,310.0,1450.0
790,1065,470.0,820.0
838,1221,400.0,750.0
878,1101,320.0,880.0
961,1061,330.0,690.0
789,1125,430.0,530.0
1005,1064,460.0,560.0
819,1084,360.0,680.0
836,1043,420.0,940.0
861,1120,470.0,1020.0
1000,1165,340.0,730.0
949,1232,260.0,450.0
892,1154,300.0,610.0
983,1110,340.0,210.0
971,1254,320.0,390.0
987,1271,350.0,830.0
855,1137,470.0,610.0
822,1105,330.0,600.0
887,1213,240.0,300.0
793,1092,350.0,1040.0
956,1045,390.0,760.0
847,1111,350.0,300.0
932,1090,440.0,470.0
868,1169,310.0,430.0
846,1083,310.0,990.0
974,1096,310.0,250.0
899,1184,240.0,200.0
921,1196,220.0,70.0
775,1034,340.0,260.0
807,1203,300.0,100.0
791,1179,310.0,230.0
808,1142,360.0,390.0
805,1032,390.0,990.0
801,1253,330.0,180.0
847,1266,300.0,290.0
1012,1156,340.0,460.0
845,1243,260.0,180.0
804,1124,360.0,180.0
996,1089,280.0,140.0
932,1039,320.0,80.0
1012,1232,290.0,130.0
919,1116,210.0,50.0
860,1079,290.0,170.0
949,1177,250.0,60.0
774,1116,310.0,290.0
862,1052,300.0,290.0
822,1054,330.0,50.0
995,1036,350.0,190.0
956,1094,440.0,370.0
874,1152,360.0,320.0
915,1053,350.0,180.0
840,1033,340.0,150.0
808,1075,340.0,140.0
946,1131,270.0,80.0
806,1111,360.0,270.0
831,1158,310.0,220.0
859,1204,250.0,110.0
1013,1115,250.0,90.0
910,1102,210.0,60.0
851,1215,310.0,180.0
912,1155,260.0,90.0
838,1060,330.0,70.0
790,1209,290.0,160.0
910,1226,230.0,50.0
987,1046,340.0,120.0
851,1047,280.0,60.0
1007,1180,440.0,230.0
917,1088,290.0,80.0
796,1042,350.0,60.0
934,1071,280.0,70.0
917,1147,260.0,50.0
831,1148,360.0,220.0
936,1141,240.0,60.0
865,1098,320.0,90.0
844,1147,300.0,80.0
942,1153,240.0,60.0
998,1274,350.0,80.0
967,1268,330.0,110.0
961,1033,350.0,140.0
796,1262,320.0,150.0
845,1057,340.0,110.0
944,1067,280.0,50.0
806,1097,350.0,60.0
948,1034,390.0,110.0
859,1158,280.0,80.0
881,1132,290.0,60.0
874,1122,360.0,80.0
1000,1046,340.0,50.0
823,1033,390.0,70.0
1014,1269,310.0,60.0
770,1066,370.0,100.0
1020,1028,700.0,70.0
851,1151,270.0,50.0
968,1027,380.0,70.0
989,1104,340.0,60.0
863,1139,470.0,80.0
961,1277,1060.0,130.0
1019,1036,480.0,50.0
1019,1184,620.0,50.0
984,971,795.0,1800.0
877,932,345.0,540.0
983,1008,675.0,945.0
996,811,420.0,480.0
983,844,600.0,750.0
930,860,540.0,495.0
790,959,465.0,720.0
839,956,375.0,675.0
793,1015,375.0,465.0
849,896,315.0,555.0
975,810,420.0,615.0
924,837,345.0,840.0
877,1013,315.0,375.0
813,1011,450.0,750.0
807,906,345.0,795.0
850,962,375.0,795.0
993,913,765.0,750.0
799,991,375.0,855.0
855,1005,360.0,435.0
805,856,420.0,540.0
957,912,420.0,615.0
891,977,345.0,855.0
901,996,330.0,255.0
959,959,795.0,600.0
830,894,630.0,645.0
802,933,360.0,795.0
993,980,480.0,855.0
948,866,570.0,870.0
1013,822,375.0,555.0
901,850,375.0,285.0
975,879,420.0,345.0
947,883,570.0,645.0
849,820,255.0,255.0
836,998,390.0,1560.0
816,873,630.0,945.0
870,954,270.0,360.0
849,991,315.0,390.0
774,916,480.0,570.0
864,994,345.0,450.0
977,852,480.0,780.0
995,874,420.0,225.0
918,989,330.0,405.0
990,863,420.0,480.0
1007,842,375.0,330.0
953,927,420.0,225.0
1005,1013,570.0,720.0
886,829,270.0,120.0
869,912,270.0,225.0
974,898,405.0,855.0
778,975,390.0,270.0
907,904,210.0,60.0
806,843,420.0,660.0
923,871,405.0,240.0
1011,954,390.0,90.0
1013,905,495.0,645.0
944,1006,360.0,210.0
971,930,390.0,120.0
935,840,330.0,390.0
963,870,420.0,180.0
997,850,450.0,180.0
968,913,375.0,165.0
1018,877,780.0,735.0
978,942,435.0,60.0
845,792,240.0,105.0
950,990,360.0,120.0
921,933,285.0,105.0
991,929,435.0,150.0
951,950,390.0,480.0
802,875,360.0,285.0
935,969,330.0,75.0
905,947,330.0,300.0
778,997,345.0,105.0
916,956,315.0,75.0
827,819,255.0,60.0
947,1016,375.0,90.0
951,818,300.0,90.0
927,817,300.0,75.0
932,954,315.0,165.0
901,830,285.0,75.0
831,1019,420.0,105.0
1008,774,390.0,120.0
982,886,420.0,225.0
830,843,270.0,165.0
1001,918,765.0,225.0
961,842,375.0,465.0
909,870,375.0,150.0
952,833,315.0,60.0
1013,919,465.0,75.0
844,875,330.0,90.0
945,843,345.0,210.0
934,810,300.0,270.0
972,820,405.0,255.0
779,849,255.0,135.0
806,772,315.0,75.0
954,849,405.0,210.0
777,927,420.0,210.0
1014,991,375.0,60.0
823,908,210.0,60.0
974,980,555.0,225.0
951,978,390.0,60.0
806,1003,420.0,135.0
858,965,375.0,60.0
946,893,390.0,75.0
817,864,600.0,150.0
1008,799,375.0,90.0
1004,941,390.0,105.0
938,980,360.0,120.0
930,1002,300.0,60.0
945,779,285.0,90.0
831,857,315.0,60.0
960,861,405.0,60.0
997,999,375.0,105.0
979,773,360.0,150.0
807,1009,420.0,90.0
1004,1001,450.0,60.0
962,852,405.0,90.0
883,982,300.0,60.0
949,858,495.0,75.0
800,824,255.0,60.0
778,951,345.0,60.0
938,850,375.0,75.0
935,881,390.0,60.0
789,865,405.0,105.0
818,773,630.0,150.0
979,908,435.0,60.0
982,961,720.0,90.0
1012,1019,720.0,60.0
1293,1570,550.0,1030.0
1344,1629,320.0,1040.0
1505,1546,330.0,1010.0
1304,1769,210.0,580.0
1299,1639,350.0,1280.0
1463,1554,270.0,1040.0
1388,1577,290.0,1250.0
1321,1744,200.0,500.0
1365,1700,250.0,740.0
1325,1718,240.0,310.0
1308,1713,200.0,1090.0
1398,1647,250.0,320.0
1290,1653,350.0,410.0
1410,1574,260.0,440.0
1415,1591,260.0,430.0
1333,1669,220.0,250.0
1402,1629,230.0,880.0
1297,1687,230.0,170.0
1453,1590,250.0,120.0
1384,1627,180.0,130.0
1304,1611,260.0,340.0
1358,1579,200.0,160.0
1442,1569,230.0,170.0
1415,1627,240.0,100.0
1331,1654,220.0,90.0
1354,1725,230.0,170.0
1449,1614,200.0,80.0
1372,1544,230.0,90.0
1380,1571,290.0,260.0
1360,1681,250.0,90.0
1339,1580,230.0,80.0
1395,1678,220.0,50.0
1473,1571,240.0,60.0
1289,1555,290.0,90.0
1357,1688,250.0,80.0
1364,1660,200.0,50.0
1286,1637,360.0,70.0
1378,1561,250.0,50.0
1394,1656,250.0,60.0
1348,1701,240.0,90.0
1351,1687,250.0,80.0
926,403,540.0,830.0
847,274,230.0,710.0
1003,344,550.0,800.0
778,337,570.0,700.0
967,320,650.0,790.0
856,480,510.0,1000.0
871,306,390.0,620.0
909,302,340.0,840.0
1013,438,310.0,480.0
793,377,300.0,860.0
846,369,390.0,790.0
836,467,760.0,380.0
789,278,300.0,400.0
998,386,280.0,740.0
985,274,240.0,280.0
810,361,260.0,660.0
946,501,280.0,1400.0
819,408,300.0,750.0
837,438,720.0,520.0
872,292,350.0,530.0
928,286,270.0,130.0
920,460,260.0,290.0
1002,415,260.0,440.0
881,340,300.0,140.0
821,473,500.0,750.0
999,496,500.0,890.0
838,413,570.0,840.0
835,490,280.0,190.0
829,434,570.0,450.0
807,291,280.0,320.0
856,299,320.0,510.0
965,435,260.0,70.0
817,501,240.0,290.0
775,418,280.0,380.0
916,429,310.0,60.0
899,471,280.0,90.0
1011,296,380.0,510.0
1009,377,250.0,170.0
779,366,270.0,170.0
987,462,300.0,110.0
969,368,290.0,60.0
1009,481,770.0,560.0
886,452,300.0,130.0
1017,475,840.0,400.0
856,438,340.0,160.0
886,330,280.0,70.0
865,458,310.0,100.0
1017,347,400.0,140.0
824,294,260.0,60.0
1007,306,380.0,60.0
909,462,280.0,60.0
820,463,570.0,120.0
813,375,280.0,120.0
772,486,590.0,60.0
770,304,800.0,150.0
183,1604,315.0,1110.0
197,1656,285.0,240.0
123,1553,270.0,1155.0
229,1626,300.0,450.0
63,1633,195.0,480.0
8,1564,285.0,885.0
226,1761,345.0,495.0
218,1587,300.0,945.0
191,1542,375.0,975.0
241,1618,270.0,405.0
101,1583,240.0,1065.0
208,1618,255.0,765.0
228,1569,255.0,885.0
213,1560,270.0,270.0
144,1678,240.0,135.0
127,1633,180.0,465.0
232,1552,270.0,300.0
66,1685,195.0,60.0
84,1617,210.0,195.0
177,1550,360.0,945.0
163,1693,195.0,60.0
157,1569,270.0,600.0
113,1696,210.0,60.0
239,1664,240.0,75.0
205,1747,255.0,75.0
193,1628,255.0,75.0
218,1740,255.0,90.0
194,1748,255.0,75.0
95,1615,210.0,105.0
127,1690,210.0,75.0
151,1577,270.0,150.0
154,1598,240.0,120.0
208,1544,255.0,165.0
46,1547,270.0,60.0
109,1620,240.0,195.0
163,1550,330.0,240.0
9,1577,255.0,180.0
109,1611,240.0,60.0
229,1780,300.0,60.0
217,1548,255.0,90.0
133,1591,210.0,60.0
170,1539,1305.0,660.0
1460,591,264.0,888.0
1372,682,288.0,312.0
1379,714,208.0,328.0
1364,576,288.0,1072.0
1362,529,336.0,760.0
1330,524,328.0,1152.0
1305,574,312.0,440.0
1441,680,272.0,472.0
1405,660,312.0,368.0
1478,673,264.0,456.0
1430,715,312.0,504.0
1346,711,168.0,184.0
1514,566,240.0,712.0
1300,645,232.0,552.0
1504,672,224.0,816.0
1407,683,392.0,848.0
1507,711,240.0,904.0
1508,622,200.0,352.0
1365,546,312.0,816.0
1424,582,272.0,336.0
1321,592,232.0,216.0
1288,672,264.0,224.0
1513,685,208.0,424.0
1518,744,176.0,184.0
1433,527,312.0,544.0
1462,758,256.0,240.0
1336,738,216.0,64.0
1451,707,240.0,360.0
1337,754,240.0,112.0
1456,529,320.0,112.0
1320,638,256.0,208.0
1304,733,240.0,152.0
1380,747,224.0,56.0
1395,612,200.0,112.0
1352,564,280.0,416.0
1482,527,296.0,168.0
1436,554,240.0,208.0
1485,734,224.0,56.0
1394,531,296.0,152.0
1292,620,280.0,168.0
1407,550,304.0,96.0
1310,724,240.0,56.0
1307,629,248.0,88.0
1474,688,240.0,56.0
1330,603,208.0,104.0
1465,538,304.0,152.0
1506,641,248.0,64.0
1445,738,280.0,128.0
1507,733,200.0,80.0
1361,677,240.0,128.0
1409,580,288.0,64.0
1349,741,232.0,56.0
1472,615,240.0,80.0
1404,695,392.0,208.0
1445,533,320.0,80.0
1287,590,264.0,64.0
1395,540,288.0,96.0
1308,542,240.0,56.0
374,1213,330.0,765.0
264,1044,570.0,480.0
312,1067,525.0,885.0
418,1109,375.0,1095.0
368,1250,480.0,2010.0
368,1085,615.0,615.0
497,1161,465.0,900.0
418,1204,345.0,660.0
286,1263,450.0,1020.0
433,1234,420.0,765.0
426,1164,390.0,1110.0
265,1258,360.0,1425.0
269,1134,285.0,615.0
410,1037,315.0,1050.0
450,1180,345.0,795.0
477,1053,390.0,690.0
458,1131,585.0,1125.0
303,1179,285.0,495.0
361,1225,330.0,1545.0
308,1124,360.0,750.0
504,1213,285.0,225.0
264,1219,270.0,990.0
329,1150,315.0,1050.0
471,1190,285.0,270.0
318,1241,420.0,855.0
452,1123,525.0,975.0
310,1137,360.0,810.0
304,1236,285.0,480.0
326,1064,435.0,1005.0
496,1272,300.0,630.0
308,1218,450.0,1440.0
398,1256,345.0,345.0
400,1194,285.0,450.0
465,1161,300.0,495.0
413,1231,270.0,480.0
478,1109,270.0,375.0
489,1072,330.0,210.0
294,1109,270.0,180.0
261,1176,255.0,255.0
353,1090,495.0,825.0
286,1188,210.0,270.0
362,1066,300.0,420.0
320,1214,450.0,840.0
502,1100,255.0,255.0
497,1133,210.0,270.0
450,1268,270.0,90.0
343,1082,345.0,255.0
507,1032,735.0,630.0
325,1086,315.0,255.0
392,1205,270.0,60.0
440,1247,315.0,330.0
312,1082,315.0,270.0
405,1119,285.0,90.0
434,1203,315.0,210.0
461,1118,585.0,420.0
418,1059,255.0,75.0
325,1252,420.0,450.0
318,1043,270.0,60.0
299,1155,270.0,90.0
443,1107,255.0,120.0
504,1200,495.0,165.0
477,1031,270.0,90.0
491,1235,255.0,150.0
470,1072,285.0,180.0
407,1249,345.0,210.0
385,1070,270.0,120.0
506,1077,810.0,420.0
384,1126,240.0,90.0
333,1249,360.0,105.0
480,1275,240.0,60.0
321,1191,270.0,75.0
279,1041,420.0,60.0
483,1163,465.0,330.0
507,1226,450.0,135.0
317,1103,285.0,90.0
348,1250,315.0,75.0
703,293,410.0,760.0
537,272,310.0,460.0
569,297,320.0,440.0
701,389,490.0,990.0
638,455,430.0,1080.0
611,414,260.0,720.0
649,384,350.0,940.0
619,294,540.0,560.0
646,338,290.0,380.0
639,423,280.0,460.0
631,504,300.0,120.0
630,338,330.0,600.0
727,500,330.0,760.0
628,356,310.0,410.0
523,418,250.0,50.0
536,381,240.0,230.0
599,435,260.0,560.0
728,266,390.0,590.0
718,326,330.0,160.0
552,401,190.0,200.0
620,331,330.0,210.0
530,298,260.0,110.0
728,380,280.0,70.0
631,275,300.0,380.0
626,315,280.0,260.0
736,350,280.0,120.0
685,491,250.0,150.0
630,304,380.0,100.0
634,288,380.0,200.0
521,380,220.0,210.0
606,340,300.0,160.0
687,368,270.0,60.0
758,318,290.0,80.0
618,482,280.0,50.0
737,288,300.0,80.0
691,302,340.0,110.0
756,428,260.0,60.0
688,405,310.0,160.0
754,289,300.0,50.0
745,492,390.0,160.0
763,489,930.0,230.0
618,507,350.0,50.0
614,501,330.0,70.0
764,278,680.0,190.0
94,596,390.0,1065.0
156,741,435.0,780.0
53,581,525.0,585.0
148,690,330.0,1035.0
132,607,765.0,1305.0
169,543,375.0,465.0
116,613,435.0,1170.0
180,564,420.0,555.0
32,578,375.0,855.0
62,624,315.0,480.0
116,752,255.0,645.0
132,649,315.0,825.0
14,566,345.0,780.0
232,524,270.0,795.0
178,738,375.0,1065.0
177,659,315.0,390.0
158,716,315.0,300.0
75,559,345.0,180.0
61,522,315.0,420.0
45,603,465.0,960.0
250,708,660.0,975.0
14,631,300.0,1110.0
219,594,255.0,405.0
178,589,285.0,90.0
198,698,315.0,285.0
204,529,330.0,285.0
49,674,210.0,195.0
81,575,345.0,765.0
200,591,285.0,105.0
214,729,315.0,180.0
58,601,465.0,795.0
157,583,315.0,225.0
220,616,270.0,120.0
34,608,465.0,765.0
4,672,435.0,255.0
75,622,315.0,225.0
179,640,240.0,165.0
102,761,255.0,180.0
17,679,405.0,225.0
15,659,330.0,270.0
62,691,240.0,165.0
8,543,210.0,75.0
48,519,375.0,180.0
91,581,390.0,90.0
155,754,405.0,270.0
217,605,240.0,75.0
196,688,315.0,60.0
181,529,375.0,75.0
1386,345,510.0,780.0
1325,437,465.0,1455.0
1352,290,240.0,1155.0
1323,296,345.0,720.0
1432,418,345.0,1305.0
1508,286,360.0,720.0
1523,308,345.0,570.0
1386,425,285.0,210.0
1405,417,300.0,210.0
1448,439,300.0,420.0
1445,502,285.0,765.0
1488,453,240.0,765.0
1354,357,300.0,1020.0
1299,366,240.0,360.0
1319,464,315.0,450.0
1503,330,600.0,585.0
1294,436,450.0,630.0
1461,352,300.0,1005.0
1437,305,300.0,780.0
1492,336,600.0,315.0
1430,317,300.0,270.0
1291,497,1095.0,960.0
1466,323,300.0,225.0
1311,482,300.0,150.0
1290,421,450.0,285.0
1348,347,300.0,390.0
1394,305,300.0,210.0
1499,498,360.0,345.0
1337,449,360.0,180.0
1408,445,300.0,150.0
1530,397,285.0,120.0
1528,383,255.0,60.0
1301,493,780.0,480.0
1352,428,240.0,60.0
1453,315,300.0,75.0
1341,388,240.0,105.0
1491,497,330.0,60.0
1418,410,315.0,120.0
1524,290,330.0,90.0
1298,458,255.0,60.0
1501,508,420.0,60.0
1379,506,570.0,60.0
1380,257,315.0,60.0
440,863,405.0,390.0
417,815,765.0,1575.0
455,989,825.0,795.0
487,835,405.0,420.0
465,919,585.0,510.0
268,802,420.0,1140.0
437,918,270.0,555.0
360,803,345.0,750.0
413,965,225.0,495.0
485,883,270.0,705.0
491,859,390.0,480.0
287,1011,285.0,300.0
415,1011,195.0,90.0
392,857,255.0,465.0
382,878,345.0,900.0
268,939,300.0,360.0
408,944,255.0,300.0
497,787,705.0,345.0
267,977,840.0,1125.0
274,962,840.0,735.0
293,958,315.0,270.0
313,795,330.0,75.0
370,861,240.0,60.0
316,944,195.0,75.0
259,890,615.0,915.0
261,871,480.0,165.0
289,856,285.0,120.0
494,1019,375.0,90.0
258,783,525.0,300.0
506,1005,330.0,150.0
430,825,345.0,90.0
265,961,345.0,75.0
509,928,600.0,105.0
506,779,855.0,75.0
835,1586,300.0,585.0
884,1731,390.0,1305.0
974,1591,240.0,330.0
877,1693,390.0,990.0
1007,1749,330.0,1785.0
1000,1636,315.0,345.0
945,1765,315.0,855.0
807,1706,300.0,735.0
833,1650,210.0,420.0
784,1573,300.0,675.0
800,1608,300.0,570.0
856,1653,270.0,435.0
855,1581,210.0,165.0
983,1713,270.0,420.0
860,1752,270.0,810.0
1004,1545,270.0,540.0
973,1613,285.0,720.0
778,1721,255.0,345.0
979,1758,210.0,360.0
782,1746,240.0,135.0
996,1764,240.0,255.0
1017,1666,570.0,540.0
937,1626,225.0,60.0
798,1654,240.0,75.0
798,1555,255.0,60.0
843,1744,255.0,75.0
916,1702,255.0,90.0
814,1721,300.0,135.0
880,1743,285.0,75.0
1008,1654,510.0,150.0
1013,1658,525.0,105.0
927,1537,660.0,60.0
625,1306,340.0,580.0
569,1355,610.0,1250.0
664,1503,320.0,440.0
737,1500,420.0,710.0
529,1311,320.0,520.0
739,1302,360.0,510.0
600,1431,340.0,540.0
648,1371,410.0,1040.0
728,1479,310.0,610.0
759,1407,270.0,190.0
537,1440,400.0,710.0
735,1361,310.0,270.0
545,1501,190.0,400.0
615,1358,320.0,210.0
744,1424,260.0,170.0
731,1323,350.0,860.0
746,1457,320.0,350.0
676,1321,390.0,660.0
672,1338,350.0,710.0
640,1460,220.0,300.0
629,1407,330.0,860.0
714,1310,350.0,830.0
621,1382,240.0,610.0
720,1376,270.0,380.0
597,1393,240.0,590.0
528,1461,260.0,480.0
638,1342,340.0,440.0
707,1428,230.0,260.0
591,1349,490.0,670.0
521,1438,400.0,510.0
714,1343,450.0,410.0
628,1498,220.0,150.0
752,1341,290.0,210.0
556,1304,560.0,700.0
524,1508,200.0,130.0
614,1412,290.0,350.0
590,1448,230.0,120.0
704,1334,450.0,560.0
628,1445,230.0,60.0
654,1317,310.0,360.0
666,1401,270.0,140.0
734,1336,360.0,190.0
585,1292,320.0,220.0
591,1407,240.0,50.0
590,1372,300.0,100.0
657,1342,350.0,450.0
590,1417,230.0,90.0
621,1456,200.0,50.0
571,1284,580.0,430.0
691,1501,280.0,100.0
724,1468,310.0,200.0
577,1469,220.0,60.0
613,1287,870.0,500.0
699,1356,280.0,100.0
684,1411,250.0,50.0
722,1390,280.0,90.0
760,1287,470.0,250.0
559,1286,580.0,300.0
537,1382,260.0,130.0
572,1339,320.0,90.0
537,1418,280.0,220.0
546,1335,330.0,120.0
734,1460,320.0,140.0
700,1313,360.0,210.0
686,1343,290.0,50.0
579,1456,220.0,70.0
666,1319,330.0,150.0
697,1285,330.0,160.0
569,1406,280.0,70.0
530,1324,290.0,90.0
679,1304,390.0,340.0
685,1375,240.0,60.0
668,1298,290.0,150.0
657,1308,310.0,100.0
633,1318,340.0,100.0
595,1283,770.0,500.0
665,1291,260.0,90.0
598,1362,340.0,130.0
567,1387,270.0,60.0
702,1318,360.0,160.0
601,1375,260.0,60.0
517,1472,740.0,120.0
528,1295,290.0,80.0
764,1368,560.0,60.0
690,1332,330.0,50.0
753,1325,250.0,50.0
340,136,690.0,645.0
387,213,435.0,1320.0
395,112,465.0,780.0
406,207,315.0,1710.0
443,16,435.0,1290.0
448,106,390.0,840.0
372,84,300.0,750.0
470,27,390.0,570.0
357,186,315.0,795.0
435,231,255.0,345.0
412,49,315.0,285.0
285,194,405.0,750.0
279,216,330.0,195.0
326,14,285.0,645.0
436,172,300.0,720.0
431,36,315.0,1275.0
336,45,255.0,435.0
293,7,270.0,285.0
345,67,195.0,375.0
289,250,555.0,1590.0
394,145,285.0,285.0
307,72,255.0,105.0
339,86,240.0,180.0
417,219,240.0,120.0
500,44,225.0,180.0
482,181,255.0,450.0
431,134,255.0,480.0
477,38,300.0,300.0
378,21,285.0,165.0
457,122,195.0,90.0
418,192,300.0,150.0
319,180,300.0,60.0
423,93,255.0,405.0
290,232,330.0,165.0
500,100,210.0,105.0
301,235,315.0,330.0
338,216,270.0,135.0
393,55,300.0,90.0
354,142,300.0,330.0
403,244,840.0,525.0
259,224,405.0,225.0
282,176,285.0,120.0
369,166,285.0,105.0
391,74,270.0,75.0
296,182,405.0,105.0
258,37,855.0,225.0
267,47,495.0,90.0
381,111,360.0,135.0
297,160,315.0,90.0
361,84,225.0,60.0
400,125,360.0,120.0
481,92,240.0,60.0
378,119,330.0,60.0
267,213,330.0,60.0
406,252,1335.0,120.0
1320,1506,990.0,855.0
1402,1523,510.0,915.0
1315,1313,330.0,600.0
1456,1368,330.0,1560.0
1381,1340,330.0,780.0
1464,1419,495.0,660.0
1481,1474,390.0,435.0
1444,1494,330.0,615.0
1337,1479,315.0,1200.0
1302,1427,495.0,690.0
1451,1445,345.0,840.0
1359,1355,330.0,465.0
1366,1458,285.0,255.0
1305,1483,285.0,435.0
1368,1526,330.0,1140.0
1482,1431,375.0,915.0
1461,1464,315.0,840.0
1427,1472,375.0,1425.0
1450,1296,345.0,225.0
1351,1392,240.0,255.0
1508,1486,345.0,1350.0
1393,1467,375.0,450.0
1438,1302,315.0,705.0
1490,1385,315.0,675.0
1398,1379,345.0,270.0
1387,1373,345.0,630.0
1500,1518,330.0,1050.0
1407,1357,315.0,240.0
1514,1428,285.0,390.0
1374,1407,195.0,180.0
1473,1457,360.0,435.0
1419,1444,270.0,330.0
1484,1442,375.0,810.0
1436,1410,240.0,90.0
1507,1465,315.0,135.0
1529,1514,420.0,345.0
1370,1509,270.0,300.0
1439,1466,375.0,375.0
1430,1373,300.0,180.0
1458,1522,345.0,285.0
1383,1393,255.0,225.0
1528,1529,285.0,375.0
1400,1457,375.0,675.0
1459,1290,345.0,225.0
1487,1411,285.0,135.0
1368,1424,225.0,60.0
1418,1459,270.0,210.0
1495,1424,300.0,120.0
1433,1490,300.0,75.0
1363,1329,315.0,120.0
1424,1398,240.0,210.0
1396,1435,240.0,150.0
1496,1509,330.0,165.0
1366,1310,270.0,150.0
1494,1402,270.0,285.0
1471,1371,315.0,135.0
1461,1324,255.0,105.0
1287,1500,255.0,150.0
1294,1414,495.0,300.0
1322,1436,210.0,105.0
1518,1529,315.0,105.0
1476,1526,285.0,150.0
1440,1287,285.0,135.0
1291,1389,195.0,60.0
1420,1364,315.0,90.0
1490,1532,300.0,90.0
1522,1506,285.0,60.0
1412,1395,315.0,75.0
1283,1517,330.0,90.0
1531,1304,345.0,60.0
1410,1386,345.0,75.0
1317,1533,960.0,105.0
243,1822,430.0,1440.0
208,1907,340.0,520.0
170,1818,240.0,290.0
164,1954,310.0,420.0
197,1979,210.0,80.0
231,1994,270.0,680.0
157,1903,270.0,1020.0
159,2034,220.0,240.0
241,1920,330.0,770.0
170,1848,260.0,130.0
246,1998,300.0,800.0
197,1850,280.0,850.0
175,2003,230.0,360.0
249,1878,460.0,390.0
185,1966,240.0,190.0
190,2037,330.0,360.0
229,1936,330.0,660.0
141,2013,190.0,190.0
193,1897,300.0,150.0
140,1857,210.0,70.0
178,1897,270.0,160.0
133,1980,200.0,50.0
188,1860,280.0,70.0
207,2031,250.0,110.0
234,1963,250.0,260.0
224,1807,290.0,210.0
239,1841,310.0,70.0
201,2006,220.0,80.0
150,1800,250.0,50.0
202,2042,280.0,50.0
187,1930,280.0,120.0
240,1850,280.0,50.0
205,1843,270.0,270.0
235,2041,320.0,230.0
206,1858,320.0,80.0
246,1832,380.0,260.0
174,1949,300.0,70.0
182,1795,490.0,100.0
153,1939,250.0,80.0
234,1877,270.0,60.0
148,1914,260.0,80.0
164,1867,270.0,90.0
213,1802,270.0,60.0
207,2016,210.0,60.0
228,1951,270.0,90.0
250,1857,290.0,50.0
197,1919,300.0,100.0
227,1959,270.0,100.0
234,1913,270.0,50.0
227,1904,340.0,70.0
233,1863,260.0,50.0
252,1949,500.0,100.0
226,55,310.0,930.0
47,131,360.0,880.0
133,136,720.0,810.0
203,210,540.0,750.0
143,221,440.0,1260.0
202,151,430.0,540.0
152,67,280.0,540.0
202,51,340.0,670.0
23,72,300.0,800.0
102,223,240.0,710.0
141,172,290.0,850.0
182,85,330.0,1420.0
232,142,350.0,1100.0
62,161,210.0,140.0
109,59,230.0,190.0
17,204,230.0,80.0
113,117,290.0,550.0
160,155,280.0,300.0
128,195,250.0,120.0
147,47,400.0,410.0
165,187,310.0,140.0
12,176,230.0,100.0
9,130,260.0,80.0
30,206,230.0,60.0
148,191,310.0,170.0
159,44,400.0,630.0
97,80,210.0,70.0
199,20,250.0,130.0
207,172,270.0,400.0
46,28,210.0,100.0
65,30,210.0,160.0
237,39,260.0,50.0
163,246,310.0,120.0
251,172,540.0,210.0
248,157,260.0,300.0
8,29,210.0,90.0
149,164,280.0,70.0
154,182,310.0,140.0
202,65,270.0,50.0
60,115,240.0,60.0
220,222,270.0,60.0
20,8,200.0,60.0
1039,1168,320.0,1210.0
1230,1069,460.0,1040.0
1239,1185,410.0,1160.0
1209,1035,330.0,1110.0
1197,1184,340.0,740.0
1175,1224,300.0,820.0
1090,1083,580.0,530.0
1033,1127,230.0,250.0
1249,1263,440.0,570.0
1087,1113,370.0,430.0
1217,1082,510.0,1130.0
1060,1145,260.0,670.0
1150,1080,360.0,1470.0
1057,1232,380.0,1240.0
1180,1139,380.0,1090.0
1122,1245,330.0,440.0
1171,1198,290.0,1120.0
1154,1060,300.0,450.0
1249,1166,330.0,510.0
1120,1263,310.0,710.0
1099,1183,270.0,370.0
1102,1256,290.0,500.0
1068,1102,300.0,210.0
1031,1252,420.0,1360.0
1036,1079,250.0,90.0
1049,1049,610.0,790.0
1202,1199,270.0,710.0
1174,1046,300.0,180.0
1240,1128,210.0,60.0
1262,1107,230.0,160.0
1128,1160,230.0,80.0
1261,1035,330.0,280.0
1113,1066,200.0,80.0
1227,1155,260.0,800.0
1197,1075,280.0,400.0
1178,1061,290.0,500.0
1131,1066,250.0,120.0
1236,1231,270.0,70.0
1083,1262,240.0,220.0
1049,1195,290.0,50.0
1167,1027,280.0,220.0
1155,1037,280.0,80.0
1053,1208,280.0,70.0
1065,1251,280.0,180.0
1062,1179,280.0,110.0
1191,1038,290.0,110.0
1153,1251,220.0,90.0
1123,1038,220.0,80.0
1043,1206,260.0,290.0
1039,1228,310.0,100.0
1041,1033,610.0,150.0
1223,1247,260.0,50.0
1131,1228,250.0,150.0
1169,1074,270.0,110.0
1198,1099,290.0,150.0
1199,1116,250.0,120.0
1255,1084,230.0,50.0
1220,1271,210.0,80.0
1205,1090,350.0,320.0
1258,1237,290.0,90.0
1186,1158,230.0,100.0
1150,1151,200.0,60.0
1244,1027,1050.0,120.0
1165,1052,300.0,50.0
1271,1091,630.0,170.0
1220,1165,190.0,50.0
1176,1208,230.0,70.0
1027,1045,350.0,70.0
1182,1181,340.0,70.0
1183,1128,360.0,50.0
1252,1275,500.0,120.0
1238,1268,330.0,50.0
1033,1192,780.0,90.0
1026,1193,970.0,140.0
136,305,435.0,705.0
113,294,315.0,510.0
41,456,495.0,510.0
104,403,405.0,645.0
113,481,345.0,870.0
121,404,300.0,135.0
133,468,375.0,1515.0
42,423,360.0,555.0
140,338,390.0,615.0
188,322,330.0,600.0
44,333,330.0,930.0
169,373,510.0,735.0
174,483,675.0,360.0
142,417,315.0,720.0
61,318,330.0,1065.0
155,341,360.0,705.0
183,367,360.0,1215.0
93,441,285.0,495.0
123,330,315.0,630.0
85,504,390.0,990.0
212,299,270.0,1350.0
82,474,300.0,555.0
159,292,330.0,1155.0
243,329,255.0,630.0
79,287,375.0,600.0
192,428,330.0,330.0
206,495,495.0,795.0
169,433,285.0,405.0
20,283,285.0,390.0
10,428,405.0,270.0
156,486,600.0,945.0
101,485,300.0,270.0
21,346,315.0,360.0
27,358,315.0,270.0
17,263,285.0,240.0
40,385,285.0,135.0
138,485,360.0,330.0
85,303,375.0,105.0
220,332,240.0,75.0
183,445,330.0,330.0
164,333,300.0,210.0
11,317,270.0,195.0
228,387,210.0,60.0
172,345,270.0,90.0
25,310,240.0,60.0
182,466,255.0,60.0
119,436,285.0,90.0
100,375,255.0,120.0
208,508,690.0,165.0
11,366,270.0,60.0
829,666,405.0,795.0
791,685,885.0,1605.0
926,527,435.0,705.0
798,586,795.0,630.0
837,744,300.0,390.0
944,637,315.0,390.0
791,727,300.0,540.0
926,618,345.0,555.0
790,624,300.0,345.0
951,538,315.0,270.0
904,730,300.0,540.0
984,725,375.0,1365.0
1003,652,300.0,435.0
791,660,840.0,390.0
973,579,690.0,780.0
907,572,405.0,510.0
960,611,435.0,1095.0
922,582,510.0,900.0
891,599,360.0,435.0
998,757,525.0,795.0
808,557,285.0,660.0
971,738,555.0,855.0
974,621,435.0,1110.0
867,676,210.0,360.0
918,653,300.0,135.0
773,709,300.0,90.0
950,661,240.0,240.0
879,747,255.0,150.0
861,704,240.0,165.0
892,630,285.0,375.0
911,589,510.0,510.0
861,638,240.0,240.0
1007,685,255.0,195.0
1010,549,795.0,870.0
941,577,255.0,210.0
904,747,270.0,270.0
893,610,315.0,360.0
818,743,255.0,300.0
984,743,450.0,210.0
920,704,255.0,270.0
964,700,255.0,225.0
986,656,300.0,135.0
980,584,690.0,480.0
999,557,315.0,120.0
965,748,555.0,75.0
992,628,210.0,120.0
968,762,480.0,195.0
1006,639,255.0,225.0
785,643,840.0,255.0
877,714,225.0,60.0
985,596,330.0,90.0
848,709,270.0,60.0
972,697,240.0,60.0
899,710,225.0,90.0
963,567,255.0,150.0
945,703,285.0,60.0
942,712,270.0,60.0
866,763,360.0,300.0
916,677,225.0,60.0
930,716,225.0,60.0
835,704,300.0,135.0
989,516,1260.0,180.0
947,593,675.0,240.0
911,708,270.0,150.0
784,651,780.0,180.0
772,648,675.0,225.0
785,576,645.0,90.0
927,592,360.0,75.0
925,758,285.0,60.0
924,1480,584.0,744.0
947,1506,672.0,560.0
881,1377,288.0,768.0
824,1462,296.0,648.0
960,1447,424.0,840.0
1000,1527,472.0,856.0
806,1509,408.0,520.0
925,1396,232.0,456.0
987,1463,360.0,888.0
898,1306,352.0,488.0
817,1396,256.0,208.0
792,1331,616.0,496.0
871,1331,264.0,296.0
892,1289,280.0,176.0
883,1434,224.0,64.0
936,1325,224.0,496.0
828,1352,280.0,96.0
924,1303,232.0,136.0
937,1342,176.0,72.0
819,1292,272.0,160.0
850,1343,288.0,256.0
803,1294,312.0,328.0
894,1386,216.0,192.0
794,1303,312.0,80.0
774,1290,568.0,712.0
1012,1303,392.0,528.0
785,1360,248.0,88.0
872,1315,264.0,112.0
849,1286,256.0,264.0
968,1402,192.0,56.0
832,1504,312.0,344.0
965,1463,288.0,192.0
799,1338,528.0,256.0
920,1320,256.0,128.0
907,1493,280.0,352.0
972,1333,280.0,192.0
776,1311,544.0,184.0
776,1522,264.0,80.0
904,1389,232.0,88.0
977,1282,448.0,184.0
1015,1325,712.0,368.0
953,1461,256.0,240.0
792,1292,304.0,104.0
1019,1308,552.0,296.0
998,1392,296.0,104.0
806,1318,288.0,64.0
774,1473,248.0,72.0
877,1526,456.0,200.0
830,1492,200.0,88.0
936,1490,376.0,280.0
782,1331,584.0,240.0
971,1445,424.0,120.0
795,1525,272.0,64.0
913,1296,216.0,56.0
794,1317,536.0,224.0
798,1396,216.0,56.0
883,1532,456.0,64.0
1019,1411,672.0,232.0
769,1353,520.0,152.0
771,1306,488.0,80.0
942,1496,544.0,64.0
150,1170,288.0,464.0
73,1140,368.0,576.0
244,1254,280.0,1024.0
53,1094,232.0,848.0
125,1198,280.0,752.0
57,1215,256.0,600.0
115,1219,248.0,664.0
127,1157,288.0,600.0
31,1215,256.0,784.0
170,1054,248.0,832.0
166,1220,288.0,312.0
147,1052,216.0,184.0
112,1164,264.0,776.0
9,1163,248.0,960.0
205,1047,440.0,792.0
144,1247,192.0,296.0
67,1179,272.0,96.0
246,1067,256.0,752.0
89,1124,320.0,816.0
192,1065,208.0,288.0
208,1159,192.0,296.0
77,1095,160.0,96.0
58,1156,304.0,360.0
12,1182,248.0,312.0
200,1265,336.0,448.0
33,1143,264.0,328.0
83,1268,248.0,224.0
78,1224,224.0,88.0
59,1236,200.0,56.0
133,1185,272.0,104.0
172,1138,192.0,64.0
87,1251,248.0,72.0
9,1245,224.0,96.0
231,1161,184.0,80.0
222,1261,280.0,104.0
51,1182,264.0,72.0
44,1138,264.0,72.0
231,1065,256.0,80.0
229,1267,280.0,104.0
223,1025,1064.0,80.0
330,454,410.0,1200.0
312,471,530.0,1040.0
292,279,570.0,630.0
451,396,360.0,720.0
393,487,490.0,600.0
472,425,540.0,730.0
301,441,300.0,780.0
473,322,350.0,570.0
446,449,380.0,610.0
385,466,490.0,560.0
315,411,330.0,360.0
318,279,350.0,880.0
362,372,290.0,430.0
389,375,270.0,470.0
326,299,240.0,800.0
270,302,200.0,210.0
425,485,300.0,600.0
375,502,270.0,300.0
370,345,200.0,260.0
381,391,250.0,570.0
422,263,270.0,440.0
440,484,290.0,400.0
374,303,590.0,770.0
366,281,590.0,450.0
458,501,200.0,230.0
360,499,250.0,50.0
498,340,240.0,130.0
401,389,260.0,130.0
395,295,220.0,460.0
310,505,490.0,340.0
488,407,330.0,560.0
412,277,270.0,250.0
457,426,370.0,500.0
504,264,940.0,230.0
300,494,430.0,260.0
361,260,1150.0,580.0
300,366,220.0,70.0
349,270,310.0,140.0
330,342,250.0,80.0
464,412,380.0,210.0
334,280,300.0,50.0
280,286,290.0,60.0
329,479,420.0,100.0
308,483,530.0,110.0
280,298,230.0,50.0
377,259,320.0,50.0
1361,924,300.0,640.0
1426,975,450.0,1190.0
1476,946,330.0,250.0
1393,952,280.0,180.0
1390,924,260.0,840.0
1366,806,390.0,340.0
1354,855,290.0,210.0
1338,979,240.0,400.0
1409,876,280.0,340.0
1490,895,230.0,520.0
1415,793,300.0,560.0
1314,831,210.0,90.0
1427,888,240.0,100.0
1429,855,250.0,250.0
1341,798,330.0,610.0
1335,813,240.0,300.0
1469,829,190.0,340.0
1524,794,260.0,290.0
1452,794,190.0,140.0
1359,826,270.0,140.0
1519,959,260.0,610.0
1509,935,300.0,460.0
1287,991,260.0,90.0
1442,958,280.0,260.0
1402,980,300.0,130.0
1486,960,330.0,700.0
1330,865,280.0,310.0
1363,868,270.0,150.0
1358,782,270.0,220.0
1321,868,280.0,80.0
1511,859,200.0,80.0
1437,1004,240.0,160.0
1483,840,230.0,90.0
1448,921,240.0,370.0
1407,929,250.0,180.0
1296,965,300.0,320.0
1508,1015,200.0,100.0
1298,949,300.0,300.0
1305,997,260.0,780.0
1522,812,190.0,120.0
1530,913,200.0,110.0
1295,922,250.0,140.0
1347,883,270.0,80.0
1417,846,220.0,130.0
1288,942,270.0,170.0
1334,781,330.0,80.0
1320,927,280.0,90.0
1439,867,220.0,60.0
1300,934,250.0,50.0
1485,972,320.0,340.0
1383,777,250.0,70.0
1348,1009,260.0,50.0
1284,836,280.0,120.0
1374,824,330.0,160.0
1323,915,250.0,50.0
1305,1008,290.0,50.0
1349,814,270.0,80.0
1407,1019,280.0,100.0
1347,987,240.0,60.0
1531,939,520.0,160.0
1455,944,290.0,60.0
1385,785,270.0,90.0
1319,1017,750.0,490.0
1326,886,190.0,50.0
1413,972,410.0,110.0
1492,968,330.0,50.0
671,867,345.0,600.0
667,804,435.0,1155.0
738,989,555.0,660.0
550,885,780.0,1185.0
601,984,480.0,945.0
717,845,480.0,1365.0
699,938,405.0,630.0
533,1016,330.0,615.0
553,984,450.0,495.0
581,881,390.0,945.0
650,1010,390.0,855.0
757,882,285.0,555.0
753,840,345.0,660.0
687,899,270.0,540.0
618,809,315.0,705.0
606,786,210.0,555.0
565,945,405.0,465.0
752,915,450.0,975.0
619,971,240.0,525.0
580,826,285.0,660.0
548,1009,570.0,1050.0
688,865,330.0,345.0
625,995,300.0,255.0
605,880,255.0,120.0
682,777,345.0,270.0
680,928,315.0,360.0
566,890,645.0,690.0
706,993,330.0,540.0
636,974,240.0,165.0
676,907,285.0,270.0
533,879,450.0,255.0
586,845,285.0,285.0
745,925,435.0,825.0
629,857,285.0,375.0
702,833,390.0,555.0
682,941,330.0,225.0
762,985,915.0,450.0
750,901,255.0,90.0
720,1018,405.0,300.0
723,1001,375.0,555.0
595,1005,270.0,240.0
762,1007,405.0,225.0
572,831,255.0,270.0
708,929,255.0,240.0
560,961,330.0,285.0
742,1015,1500.0,240.0
669,1011,285.0,300.0
725,888,240.0,210.0
581,869,330.0,240.0
739,908,285.0,150.0
721,773,360.0,315.0
519,914,975.0,345.0
685,1002,315.0,60.0
763,785,825.0,570.0
734,1002,360.0,195.0
651,974,375.0,390.0
534,1002,285.0,75.0
654,995,360.0,195.0
709,979,225.0,60.0
631,898,210.0,60.0
567,928,405.0,195.0
729,908,270.0,60.0
670,951,270.0,60.0
578,998,240.0,60.0
655,804,330.0,120.0
610,995,300.0,90.0
562,1013,360.0,165.0
667,890,300.0,60.0
523,782,345.0,90.0
691,810,315.0,75.0
729,1012,855.0,150.0
764,995,1005.0,180.0
743,979,330.0,75.0
557,1019,585.0,60.0
719,1245,540.0,1320.0
662,1103,680.0,680.0
530,1179,400.0,660.0
721,1266,600.0,1220.0
717,1065,500.0,920.0
683,1165,380.0,1240.0
712,1092,300.0,360.0
742,1074,380.0,600.0
597,1191,360.0,1600.0
667,1069,280.0,500.0
719,1049,360.0,760.0
600,1084,300.0,720.0
519,1221,260.0,520.0
666,1205,420.0,720.0
627,1262,980.0,940.0
522,1251,340.0,600.0
709,1138,400.0,320.0
565,1187,320.0,300.0
563,1243,460.0,620.0
565,1263,320.0,320.0
562,1119,260.0,420.0
704,1161,320.0,180.0
602,1233,360.0,500.0
528,1204,240.0,500.0
640,1246,380.0,820.0
536,1149,260.0,340.0
673,1130,320.0,1140.0
526,1266,340.0,860.0
699,1086,300.0,680.0
728,1116,320.0,180.0
544,1037,300.0,400.0
734,1066,360.0,460.0
663,1172,320.0,460.0
679,1239,300.0,60.0
539,1093,300.0,100.0
734,1264,460.0,800.0
544,1059,240.0,580.0
692,1072,320.0,260.0
704,1031,280.0,240.0
746,1153,360.0,280.0
598,1134,300.0,300.0
623,1102,280.0,320.0
559,1235,460.0,540.0
594,1167,260.0,160.0
588,1274,380.0,220.0
705,1049,360.0,180.0
618,1079,260.0,160.0
724,1188,260.0,100.0
527,1234,260.0,180.0
609,1036,300.0,100.0
558,1051,300.0,320.0
701,1256,380.0,180.0
748,1274,420.0,380.0
635,1057,220.0,60.0
691,1108,260.0,80.0
560,1223,280.0,240.0
694,1196,320.0,60.0
679,1086,380.0,400.0
599,1252,380.0,160.0
707,1218,340.0,80.0
570,1030,340.0,180.0
668,1089,360.0,240.0
586,1099,260.0,60.0
652,1037,260.0,100.0
756,1050,360.0,120.0
604,1042,300.0,60.0
696,1242,320.0,200.0
748,1261,380.0,140.0
661,1136,320.0,80.0
610,1147,260.0,100.0
586,1139,300.0,100.0
737,1209,320.0,120.0
627,1134,280.0,80.0
553,1046,300.0,100.0
555,1249,280.0,80.0
668,1261,320.0,80.0
742,1241,320.0,140.0
610,1269,340.0,120.0
655,1263,340.0,80.0
653,1118,440.0,60.0
575,1138,280.0,60.0
624,1181,240.0,60.0
572,1209,260.0,60.0
740,1031,560.0,200.0
616,1247,980.0,240.0
666,1192,420.0,100.0
627,1252,640.0,120.0
703,1276,380.0,120.0
758,1270,400.0,100.0
589,1026,2960.0,220.0
711,1277,540.0,100.0
953,242,368.0,536.0
917,83,264.0,888.0
895,21,312.0,520.0
968,55,376.0,432.0
826,90,296.0,816.0
948,96,280.0,592.0
816,116,368.0,696.0
953,148,344.0,728.0
856,12,424.0,1096.0
875,121,232.0,144.0
789,57,360.0,696.0
1008,71,312.0,496.0
976,146,264.0,296.0
975,171,240.0,264.0
783,225,248.0,256.0
955,71,328.0,432.0
818,236,200.0,56.0
944,170,256.0,104.0
984,78,232.0,104.0
854,99,480.0,360.0
827,4,344.0,344.0
906,40,256.0,272.0
795,193,208.0,160.0
991,19,280.0,288.0
779,24,296.0,176.0
976,237,264.0,360.0
796,128,280.0,168.0
1005,8,280.0,136.0
840,120,480.0,224.0
843,218,280.0,56.0
873,85,256.0,120.0
997,151,264.0,160.0
934,137,192.0,120.0
855,215,240.0,120.0
955,8,296.0,136.0
777,59,376.0,192.0
788,138,272.0,136.0
858,81,280.0,64.0
996,75,280.0,56.0
787,244,304.0,56.0
795,237,296.0,104.0
1019,186,328.0,128.0
774,52,360.0,120.0
841,3,792.0,288.0
861,73,280.0,64.0
1020,143,600.0,64.0
780,133,336.0,56.0
747,1706,300.0,750.0
574,1621,330.0,1245.0
576,1657,285.0,300.0
659,1552,225.0,735.0
748,1553,285.0,1065.0
565,1730,345.0,1095.0
660,1764,240.0,1080.0
729,1636,195.0,420.0
594,1722,330.0,1125.0
618,1672,255.0,300.0
605,1779,360.0,705.0
722,1747,210.0,285.0
666,1641,195.0,345.0
695,1586,255.0,585.0
725,1594,285.0,285.0
681,1553,240.0,240.0
613,1739,315.0,510.0
600,1602,240.0,750.0
529,1692,270.0,255.0
547,1643,240.0,210.0
539,1622,210.0,270.0
755,1644,510.0,345.0
750,1655,480.0,675.0
522,1738,405.0,435.0
517,1751,1065.0,915.0
546,1745,300.0,120.0
709,1570,285.0,165.0
657,1735,285.0,75.0
529,1786,270.0,135.0
545,1567,195.0,90.0
692,1604,210.0,150.0
632,1747,315.0,75.0
614,1723,300.0,150.0
616,1570,225.0,75.0
700,1768,180.0,105.0
551,1694,270.0,165.0
757,1766,255.0,75.0
652,1657,255.0,60.0
571,1771,300.0,60.0
615,1769,300.0,135.0
542,1679,300.0,120.0
595,1687,255.0,75.0
616,1787,480.0,180.0
760,1740,240.0,60.0
563,1713,345.0,90.0
747,1761,255.0,60.0
748,1539,270.0,60.0
722,173,375.0,570.0
585,185,585.0,1755.0
586,101,285.0,585.0
720,214,465.0,495.0
558,29,510.0,1575.0
670,100,300.0,825.0
627,229,315.0,840.0
589,245,330.0,750.0
689,200,330.0,420.0
676,177,345.0,780.0
586,73,270.0,480.0
555,237,270.0,885.0
552,114,225.0,570.0
647,96,285.0,405.0
693,92,300.0,465.0
657,7,375.0,1080.0
737,34,210.0,735.0
657,178,285.0,270.0
605,194,405.0,315.0
621,100,315.0,315.0
619,114,315.0,465.0
534,33,270.0,315.0
632,155,240.0,360.0
631,80,270.0,360.0
751,152,255.0,135.0
610,243,285.0,360.0
697,13,570.0,315.0
693,214,300.0,345.0
738,123,285.0,360.0
572,46,315.0,120.0
713,53,255.0,150.0
718,141,255.0,135.0
675,54,225.0,105.0
534,104,195.0,60.0
647,222,270.0,105.0
751,10,225.0,135.0
591,8,540.0,540.0
643,16,360.0,315.0
605,170,315.0,150.0
595,22,270.0,60.0
709,240,645.0,225.0
522,236,255.0,60.0
709,249,675.0,135.0
583,167,315.0,60.0
694,107,300.0,60.0
671,1,345.0,60.0
541,230,270.0,60.0
707,19,315.0,75.0
37,1477,390.0,1095.0
72,1410,345.0,960.0
130,1425,315.0,1815.0
218,1504,345.0,1680.0
224,1329,270.0,1140.0
124,1375,315.0,330.0
242,1390,285.0,1065.0
11,1372,300.0,1545.0
51,1377,255.0,345.0
178,1455,210.0,180.0
207,1384,255.0,75.0
78,1518,270.0,1275.0
64,1308,330.0,855.0
134,1505,225.0,555.0
36,1528,480.0,630.0
84,1428,300.0,570.0
197,1484,285.0,585.0
249,1446,225.0,810.0
208,1529,270.0,885.0
135,1440,300.0,1890.0
89,1485,255.0,135.0
90,1495,270.0,510.0
141,1353,285.0,495.0
156,1499,240.0,210.0
40,1454,240.0,90.0
106,1522,210.0,60.0
17,1485,270.0,210.0
136,1412,255.0,255.0
163,1285,195.0,120.0
216,1422,225.0,60.0
68,1499,270.0,75.0
23,1454,240.0,90.0
94,1421,300.0,225.0
205,1315,240.0,285.0
118,1386,315.0,360.0
6,1509,225.0,75.0
105,1453,255.0,105.0
131,1283,270.0,90.0
109,1432,285.0,135.0
31,1417,285.0,180.0
243,1422,270.0,165.0
151,1342,270.0,60.0
32,1388,300.0,75.0
5,1336,255.0,90.0
107,1462,255.0,75.0
201,1500,255.0,60.0
148,1287,210.0,75.0
65,1336,225.0,60.0
20,1531,570.0,405.0
72,1312,330.0,105.0
249,1528,360.0,165.0
211,1472,285.0,60.0
182,1532,360.0,105.0
253,1489,1515.0,105.0
1100,1841,304.0,1200.0
1064,1864,368.0,712.0
1078,1843,464.0,1032.0
1118,1843,344.0,896.0
1072,2019,248.0,480.0
1038,1991,312.0,656.0
1032,1804,192.0,128.0
1106,2018,248.0,504.0
1232,1811,272.0,536.0
1059,1849,312.0,920.0
1125,2022,544.0,488.0
1203,1841,256.0,264.0
1114,1999,296.0,304.0
1206,1821,296.0,640.0
1049,2017,256.0,336.0
1132,1865,272.0,160.0
1128,1803,312.0,432.0
1162,1875,216.0,152.0
1104,1818,320.0,576.0
1081,1812,296.0,544.0
1189,1799,256.0,176.0
1161,1814,264.0,752.0
1150,2022,312.0,112.0
1185,1835,288.0,328.0
1089,1997,272.0,88.0
1028,1963,288.0,56.0
1038,1879,192.0,64.0
1056,1994,288.0,240.0
1042,2040,280.0,288.0
1085,1796,344.0,168.0
1115,1798,304.0,256.0
1140,2033,320.0,152.0
1228,1825,272.0,160.0
1084,1987,320.0,312.0
1148,1887,256.0,368.0
1176,2041,664.0,504.0
1098,1862,256.0,248.0
1111,1866,296.0,144.0
1217,1803,264.0,128.0
1065,1821,256.0,64.0
1109,2041,264.0,72.0
1248,1798,272.0,56.0
1129,1998,296.0,104.0
1090,2029,240.0,56.0
1185,2034,320.0,56.0
1041,1867,192.0,104.0
1027,1907,296.0,128.0
1139,2040,320.0,56.0
1120,2037,600.0,144.0
1076,1833,336.0,64.0
1200,1834,264.0,64.0
701,636,510.0,735.0
631,755,525.0,1545.0
544,661,405.0,600.0
739,646,465.0,600.0
684,654,510.0,1065.0
650,719,570.0,420.0
678,605,315.0,720.0
611,623,330.0,1050.0
660,525,375.0,570.0
743,726,375.0,225.0
564,624,360.0,810.0
681,537,315.0,810.0
625,605,300.0,585.0
588,733,270.0,255.0
720,646,480.0,870.0
526,678,285.0,525.0
652,653,390.0,1065.0
757,568,345.0,480.0
542,718,495.0,1830.0
643,664,390.0,360.0
533,553,240.0,120.0
745,748,480.0,285.0
688,720,300.0,60.0
736,762,465.0,765.0
728,716,315.0,180.0
521,537,210.0,120.0
549,565,300.0,165.0
644,591,285.0,375.0
575,541,285.0,330.0
672,683,330.0,75.0
587,627,270.0,240.0
640,706,555.0,195.0
553,704,495.0,120.0
714,620,270.0,120.0
663,565,225.0,75.0
718,762,450.0,270.0
533,604,225.0,90.0
747,534,255.0,195.0
559,596,300.0,210.0
654,682,300.0,60.0
552,684,270.0,150.0
626,716,270.0,60.0
614,516,300.0,90.0
527,724,405.0,540.0
601,529,315.0,180.0
577,755,315.0,210.0
642,607,300.0,180.0
760,609,270.0,60.0
754,554,315.0,90.0
558,631,360.0,120.0
764,659,375.0,240.0
515,736,330.0,75.0
760,764,960.0,135.0
599,516,405.0,150.0
589,517,1635.0,135.0
678,762,1665.0,90.0
447,752,550.0,1240.0
326,730,350.0,820.0
325,659,380.0,1360.0
415,538,290.0,1070.0
392,569,360.0,770.0
303,736,370.0,460.0
480,594,350.0,700.0
462,704,230.0,470.0
449,683,260.0,680.0
356,596,340.0,940.0
288,560,280.0,450.0
370,673,300.0,630.0
338,618,300.0,420.0
439,707,360.0,930.0
415,600,340.0,1030.0
287,716,270.0,500.0
428,582,250.0,230.0
486,716,340.0,820.0
464,603,290.0,330.0
279,615,250.0,790.0
503,742,370.0,930.0
369,584,270.0,1100.0
300,612,280.0,790.0
433,623,530.0,920.0
293,674,360.0,1090.0
327,549,210.0,70.0
501,626,260.0,860.0
347,672,270.0,170.0
477,671,240.0,170.0
318,610,280.0,260.0
402,757,290.0,80.0
305,670,360.0,590.0
337,745,310.0,260.0
490,634,260.0,410.0
452,574,190.0,80.0
441,636,520.0,710.0
368,611,290.0,200.0
408,520,190.0,120.0
397,671,260.0,70.0
430,535,250.0,270.0
343,585,320.0,320.0
312,636,260.0,60.0
397,607,300.0,210.0
502,520,380.0,230.0
405,636,280.0,240.0
386,641,290.0,140.0
341,603,330.0,200.0
445,612,280.0,110.0
262,680,310.0,60.0
447,628,530.0,60.0
1155,397,330.0,780.0
1133,405,315.0,990.0
1231,272,405.0,1080.0
1075,459,525.0,705.0
1171,284,435.0,1020.0
1109,481,585.0,780.0
1222,303,270.0,885.0
1242,461,240.0,1830.0
1252,292,345.0,1545.0
1093,494,390.0,690.0
1263,359,270.0,975.0
1052,418,240.0,1215.0
1041,493,315.0,480.0
1123,297,330.0,645.0
1151,342,540.0,720.0
1161,303,375.0,1095.0
1084,286,345.0,1005.0
1082,273,345.0,1335.0
1224,501,255.0,375.0
1073,383,270.0,255.0
1034,387,270.0,795.0
1160,320,375.0,855.0
1110,298,330.0,240.0
1189,485,255.0,90.0
1090,325,240.0,345.0
1128,504,405.0,180.0
1091,360,225.0,465.0
1087,338,240.0,195.0
1147,361,540.0,255.0
1271,461,375.0,555.0
1150,484,195.0,75.0
1220,367,270.0,375.0
1199,274,285.0,135.0
1055,445,300.0,105.0
1186,293,315.0,135.0
1240,405,210.0,60.0
1245,325,195.0,60.0
1272,372,270.0,75.0
1072,360,195.0,90.0
1265,299,300.0,150.0
1120,467,480.0,60.0
1236,259,330.0,180.0
1211,306,255.0,60.0
1100,483,435.0,150.0
1214,487,240.0,60.0
1345,1205,580.0,1020.0
1307,1152,400.0,480.0
1411,1255,430.0,790.0
1448,1197,430.0,990.0
1484,1209,360.0,560.0
1475,1259,320.0,840.0
1388,1082,240.0,350.0
1419,1058,410.0,510.0
1451,1176,300.0,350.0
1491,1134,880.0,730.0
1402,1039,270.0,640.0
1475,1187,270.0,620.0
1444,1036,250.0,300.0
1353,1030,240.0,540.0
1409,1070,410.0,810.0
1445,1260,280.0,110.0
1377,1102,210.0,320.0
1422,1073,410.0,380.0
1459,1092,190.0,410.0
1303,1060,240.0,170.0
1292,1206,580.0,420.0
1429,1154,250.0,190.0
1443,1273,270.0,120.0
1515,1142,790.0,550.0
1297,1102,160.0,70.0
1404,1147,200.0,60.0
1321,1052,250.0,60.0
1405,1176,210.0,70.0
1479,1173,260.0,80.0
1329,1206,310.0,230.0
1439,1209,430.0,330.0
1400,1085,230.0,110.0
1497,1175,290.0,70.0
1477,1133,290.0,60.0
1309,1031,350.0,220.0
1368,1221,310.0,70.0
1477,1242,260.0,50.0
1508,1115,280.0,70.0
1520,1134,590.0,140.0
1516,1126,330.0,90.0
1347,1192,400.0,130.0
1515,1115,270.0,50.0
1504,1141,880.0,60.0
1557,355,285.0,930.0
1591,338,285.0,660.0
1660,408,315.0,420.0
1605,405,255.0,840.0
1681,482,240.0,690.0
1613,504,300.0,510.0
1631,386,300.0,630.0
1656,503,315.0,285.0
1549,382,270.0,315.0
1627,344,240.0,150.0
1670,396,315.0,540.0
1678,497,255.0,270.0
1594,444,255.0,225.0
1586,370,210.0,75.0
1600,381,255.0,135.0
1547,268,315.0,105.0
1634,506,615.0,240.0
1598,397,255.0,105.0
1667,507,315.0,90.0
1537,305,375.0,75.0
1537,388,630.0,75.0
1537,500,675.0,75.0
1537,277,2115.0,60.0
1640,1240,310.0,530.0
1567,1062,500.0,1490.0
1661,1182,210.0,280.0
1687,1215,280.0,300.0
1609,1155,350.0,470.0
1649,1036,300.0,1280.0
1613,1175,270.0,460.0
1671,1230,250.0,230.0
1706,1149,230.0,180.0
1572,1145,370.0,1370.0
1692,1053,200.0,400.0
1728,1061,220.0,590.0
1735,1038,310.0,340.0
1668,1214,230.0,110.0
1545,1067,230.0,250.0
1556,1107,320.0,380.0
1598,1222,310.0,670.0
1569,1119,250.0,270.0
1673,1099,300.0,510.0
1598,1260,210.0,110.0
1628,1078,220.0,230.0
1607,1231,320.0,340.0
1597,1108,260.0,210.0
1598,1135,270.0,110.0
1688,1110,320.0,440.0
1636,1100,260.0,130.0
1586,1171,250.0,250.0
1714,1145,230.0,70.0
1602,1045,220.0,110.0
1564,1259,230.0,110.0
1565,1089,330.0,300.0
1592,1239,270.0,270.0
1705,1125,230.0,110.0
1651,1264,290.0,60.0
1624,1237,290.0,140.0
1628,1143,210.0,190.0
1636,1260,290.0,70.0
1559,1082,330.0,360.0
1665,1250,290.0,100.0
1581,1194,240.0,110.0
1565,1200,250.0,50.0
1602,1081,190.0,120.0
1684,1142,190.0,100.0
1709,1058,240.0,80.0
1695,1102,320.0,110.0
1571,1158,370.0,60.0
1631,1247,310.0,150.0
1732,1081,230.0,100.0
1538,1108,410.0,270.0
1648,1142,160.0,70.0
1603,1146,340.0,80.0
1573,1245,270.0,50.0
1627,1095,250.0,60.0
1061,576,435.0,975.0
1159,729,495.0,915.0
1066,619,405.0,1035.0
1211,625,375.0,1515.0
1231,554,345.0,1965.0
1098,637,255.0,600.0
1210,746,360.0,1560.0
1048,761,495.0,915.0
1148,686,435.0,585.0
1233,687,390.0,780.0
1266,749,255.0,495.0
1145,720,420.0,810.0
1261,639,285.0,1125.0
1126,654,330.0,510.0
1073,557,375.0,780.0
1251,705,240.0,315.0
1177,629,330.0,1365.0
1093,567,315.0,150.0
1029,637,570.0,795.0
1143,569,225.0,180.0
1204,724,345.0,585.0
1265,561,255.0,390.0
1119,560,285.0,465.0
1058,604,360.0,585.0
1224,539,345.0,555.0
1179,576,210.0,90.0
1257,589,330.0,405.0
1274,614,435.0,555.0
1250,668,390.0,345.0
1206,603,315.0,195.0
1164,569,225.0,345.0
1228,567,300.0,345.0
1192,562,225.0,75.0
1031,578,240.0,75.0
1115,727,285.0,150.0
1237,563,315.0,375.0
1070,634,375.0,270.0
1178,749,330.0,345.0
1154,699,345.0,195.0
1191,762,330.0,105.0
1036,708,210.0,270.0
1076,597,270.0,105.0
1133,522,315.0,180.0
1241,593,330.0,270.0
1028,605,315.0,300.0
1252,517,255.0,135.0
1041,609,255.0,120.0
1157,665,330.0,210.0
1162,717,375.0,120.0
1038,720,225.0,225.0
1068,680,300.0,60.0
1179,523,255.0,60.0
1094,729,330.0,90.0
1142,705,360.0,120.0
1269,591,330.0,75.0
1152,537,300.0,135.0
1136,670,345.0,180.0
1215,710,300.0,150.0
1225,692,390.0,90.0
1254,619,345.0,60.0
1215,729,360.0,60.0
1141,644,315.0,60.0
1160,740,435.0,75.0
1086,551,360.0,75.0
1152,764,930.0,75.0
539,1810,405.0,1440.0
602,1885,465.0,1575.0
554,1930,240.0,1365.0
596,1853,510.0,645.0
707,1858,405.0,1050.0
743,1998,375.0,480.0
610,2025,240.0,570.0
580,1841,330.0,1365.0
708,1822,240.0,900.0
533,1881,285.0,780.0
685,2029,285.0,570.0
574,1813,330.0,900.0
757,1976,300.0,255.0
653,1986,270.0,795.0
644,1998,240.0,135.0
625,1968,270.0,780.0
640,1799,375.0,900.0
659,1844,285.0,510.0
756,1825,225.0,255.0
534,1970,270.0,855.0
588,1985,285.0,615.0
705,1899,270.0,375.0
537,1955,270.0,105.0
723,1979,270.0,195.0
645,1918,225.0,75.0
656,2021,255.0,225.0
559,2036,585.0,1560.0
519,1938,270.0,555.0
724,2016,315.0,360.0
562,1840,330.0,315.0
720,1837,240.0,360.0
656,1882,240.0,960.0
568,1882,270.0,150.0
743,1885,210.0,90.0
562,1825,315.0,105.0
584,2003,270.0,90.0
633,1953,225.0,60.0
740,1838,195.0,75.0
710,2010,300.0,75.0
674,1823,225.0,75.0
664,2003,225.0,105.0
586,1797,270.0,165.0
569,2011,225.0,105.0
540,2025,195.0,90.0
700,2000,270.0,90.0
578,1863,270.0,90.0
613,1849,255.0,75.0
601,1906,225.0,60.0
532,1820,330.0,120.0
558,1886,285.0,120.0
706,1846,390.0,60.0
1676,682,310.0,1100.0
1600,553,380.0,1370.0
1665,731,350.0,1060.0
1566,593,410.0,900.0
1562,643,320.0,600.0
1550,611,290.0,710.0
1619,688,310.0,690.0
1621,741,260.0,480.0
1654,648,290.0,1130.0
1632,534,430.0,740.0
1724,610,280.0,490.0
1541,579,250.0,320.0
1723,683,300.0,530.0
1702,555,250.0,610.0
1659,751,320.0,480.0
1688,562,360.0,530.0
1742,739,220.0,400.0
1723,583,260.0,380.0
1550,724,220.0,320.0
1692,523,280.0,440.0
1670,583,290.0,660.0
1727,556,240.0,90.0
1715,665,310.0,450.0
1692,753,250.0,300.0
1732,672,280.0,520.0
1723,736,250.0,420.0
1727,758,300.0,350.0
1587,601,280.0,430.0
1644,627,250.0,290.0
1761,733,210.0,250.0
1754,652,230.0,120.0
1765,684,180.0,50.0
1710,601,280.0,150.0
1741,620,210.0,70.0
1705,575,360.0,260.0
1601,660,290.0,60.0
1718,758,300.0,150.0
1584,609,270.0,70.0
1655,722,340.0,180.0
1751,763,270.0,50.0
1617,764,620.0,210.0
1682,596,260.0,50.0
1636,732,230.0,60.0
1602,724,260.0,60.0
1637,525,420.0,160.0
1698,676,300.0,50.0
1185,902,585.0,720.0
1057,863,750.0,1155.0
1078,930,810.0,1410.0
1125,956,510.0,900.0
1082,1002,585.0,1095.0
1132,813,510.0,1440.0
1121,832,540.0,1530.0
1043,903,915.0,1035.0
1226,819,480.0,450.0
1190,993,315.0,255.0
1130,908,570.0,1500.0
1185,824,510.0,825.0
1211,778,375.0,960.0
1145,868,510.0,855.0
1225,890,390.0,810.0
1048,954,375.0,360.0
1175,957,315.0,225.0
1175,863,375.0,330.0
1087,894,600.0,585.0
1042,789,345.0,390.0
1158,788,360.0,195.0
1039,996,480.0,750.0
1230,988,315.0,690.0
1075,970,600.0,600.0
1090,807,525.0,1320.0
1036,821,420.0,810.0
1242,840,330.0,420.0
1145,914,465.0,630.0
1099,888,585.0,555.0
1139,779,465.0,450.0
1054,887,390.0,885.0
1172,888,450.0,195.0
1115,936,795.0,1050.0
1264,977,240.0,600.0
1087,842,735.0,375.0
1210,826,360.0,495.0
1218,952,240.0,75.0
1223,1005,300.0,795.0
1073,890,600.0,480.0
1243,884,330.0,225.0
1091,775,570.0,945.0
1106,853,405.0,135.0
1100,925,795.0,540.0
1043,966,345.0,315.0
1121,775,465.0,285.0
1031,882,540.0,495.0
1162,869,435.0,120.0
1050,837,420.0,120.0
1125,928,750.0,615.0
1126,996,540.0,435.0
1065,871,645.0,855.0
1200,844,330.0,135.0
1170,836,405.0,345.0
1054,819,390.0,195.0
1211,800,345.0,465.0
1241,937,210.0,60.0
1047,1018,885.0,450.0
1119,850,465.0,210.0
1134,880,435.0,585.0
1194,823,465.0,240.0
1071,825,375.0,180.0
1190,877,375.0,255.0
1040,870,480.0,495.0
1091,988,600.0,210.0
1134,799,420.0,315.0
1192,929,330.0,240.0
1126,1010,540.0,135.0
1159,846,375.0,195.0
1273,968,255.0,225.0
1035,850,510.0,315.0
1060,838,390.0,225.0
1179,796,405.0,120.0
1037,860,510.0,675.0
1129,866,510.0,195.0
1207,935,300.0,165.0
1217,862,435.0,195.0
1034,800,345.0,60.0
1234,970,315.0,105.0
1133,849,405.0,120.0
1117,912,525.0,300.0
1204,870,435.0,90.0
1239,946,240.0,180.0
1191,886,375.0,225.0
1230,871,330.0,105.0
1090,880,585.0,285.0
1268,859,300.0,75.0
1091,873,525.0,180.0
1147,970,330.0,120.0
1085,786,555.0,345.0
1089,826,375.0,60.0
1175,781,345.0,60.0
1028,1005,435.0,90.0
1033,811,420.0,255.0
1142,1010,240.0,75.0
1188,773,345.0,210.0
1142,992,405.0,75.0
1221,835,345.0,60.0
1074,833,375.0,75.0
1110,783,435.0,150.0
1030,926,660.0,180.0
1094,953,405.0,60.0
1133,856,405.0,135.0
1090,971,465.0,135.0
1071,913,390.0,75.0
1188,794,390.0,60.0
1198,801,375.0,210.0
1058,922,300.0,105.0
1208,879,405.0,90.0
1120,788,420.0,105.0
1116,967,420.0,75.0
1026,771,630.0,60.0
1027,997,420.0,60.0
1239,905,330.0,60.0
1072,878,510.0,90.0
1151,802,360.0,60.0
1154,770,435.0,60.0
1026,860,540.0,75.0
1171,769,480.0,60.0
1125,917,570.0,120.0
1252,1020,885.0,105.0
1127,1454,340.0,530.0
1191,1419,780.0,1010.0
1241,1351,350.0,1540.0
1039,1452,470.0,650.0
1090,1449,580.0,720.0
1159,1484,450.0,400.0
1048,1520,780.0,720.0
1111,1493,260.0,490.0
1039,1293,330.0,760.0
1267,1480,250.0,190.0
1063,1313,370.0,920.0
1093,1339,250.0,290.0
1225,1468,250.0,150.0
1087,1477,290.0,560.0
1233,1307,280.0,870.0
1162,1467,430.0,490.0
1163,1526,280.0,670.0
1190,1476,240.0,480.0
1213,1494,230.0,420.0
1079,1310,370.0,350.0
1242,1409,250.0,290.0
1121,1371,240.0,440.0
1270,1461,280.0,420.0
1106,1318,260.0,280.0
1153,1357,200.0,100.0
1252,1428,250.0,190.0
1062,1390,180.0,60.0
1188,1373,200.0,80.0
1266,1369,250.0,70.0
1094,1364,240.0,80.0
1203,1425,370.0,90.0
1151,1286,590.0,120.0
1125,1421,240.0,70.0
1180,1415,520.0,490.0
1065,1338,270.0,100.0
1219,1448,250.0,80.0
1219,1376,180.0,60.0
1209,1327,250.0,80.0
1044,1481,280.0,70.0
1226,1357,260.0,100.0
1167,1288,240.0,50.0
1099,1416,260.0,70.0
1270,1314,580.0,120.0
1087,1303,360.0,100.0
1228,1282,490.0,270.0
1275,1452,320.0,120.0
1201,1398,360.0,60.0
1025,1314,460.0,50.0
1104,75,330.0,1310.0
1258,19,190.0,100.0
1258,248,330.0,930.0
1259,151,320.0,770.0
1087,130,290.0,540.0
1266,197,230.0,530.0
1145,195,320.0,1150.0
1225,129,290.0,650.0
1190,51,260.0,810.0
1178,130,270.0,620.0
1196,188,280.0,540.0
1205,150,230.0,260.0
1068,126,290.0,130.0
1173,6,250.0,180.0
1136,88,280.0,170.0
1271,78,280.0,640.0
1205,12,190.0,190.0
1045,143,270.0,440.0
1262,175,270.0,560.0
1110,113,320.0,320.0
1118,235,290.0,210.0
1135,210,310.0,340.0
1191,117,280.0,330.0
1268,244,320.0,110.0
1254,55,200.0,90.0
1098,36,280.0,50.0
1235,236,270.0,240.0
1041,175,200.0,120.0
1215,114,260.0,100.0
1077,106,230.0,140.0
1240,176,250.0,160.0
1213,195,260.0,170.0
1142,180,320.0,400.0
1147,13,210.0,200.0
1174,120,270.0,150.0
1103,130,230.0,50.0
1112,166,260.0,70.0
1223,24,220.0,180.0
1054,223,220.0,70.0
1084,182,220.0,80.0
1157,79,250.0,90.0
1130,184,260.0,120.0
1046,239,220.0,80.0
1159,182,300.0,150.0
1028,166,250.0,110.0
1185,40,260.0,50.0
1220,179,250.0,70.0
1138,225,290.0,80.0
1214,54,240.0,80.0
1249,77,270.0,50.0
1209,125,280.0,80.0
1258,69,280.0,60.0
1559,1292,360.0,1330.0
1582,1375,280.0,740.0
1549,1479,400.0,1020.0
1622,1317,240.0,210.0
1635,1329,200.0,270.0
1592,1384,260.0,120.0
1611,1341,210.0,240.0
1541,1426,830.0,830.0
1555,1327,160.0,90.0
1597,1351,210.0,260.0
1542,1503,270.0,110.0
1575,1408,230.0,80.0
1561,1468,230.0,140.0
1608,1355,210.0,60.0
1587,1414,250.0,70.0
1601,1313,260.0,120.0
1607,1369,250.0,120.0
1575,1425,280.0,120.0
1547,1438,290.0,60.0
1550,1450,270.0,60.0
1740,979,272.0,480.0
1767,873,416.0,624.0
1584,787,384.0,1168.0
1666,789,376.0,864.0
1602,840,168.0,944.0
1625,888,312.0,472.0
1660,820,336.0,728.0
1609,1012,296.0,472.0
1722,878,272.0,816.0
1633,851,336.0,1136.0
1735,951,304.0,536.0
1717,788,200.0,592.0
1718,1009,248.0,184.0
1758,910,304.0,288.0
1543,971,320.0,720.0
1722,965,304.0,384.0
1747,854,304.0,696.0
1735,830,264.0,368.0
1579,813,312.0,296.0
1598,888,288.0,128.0
1654,773,400.0,752.0
1767,838,264.0,208.0
1686,868,288.0,216.0
1593,805,312.0,440.0
1683,997,240.0,56.0
1560,950,312.0,304.0
1766,774,248.0,280.0
1581,909,248.0,248.0
1681,850,272.0,368.0
1699,938,304.0,96.0
1715,948,304.0,176.0
1727,845,288.0,120.0
1719,911,224.0,72.0
1774,853,248.0,96.0
1718,988,224.0,72.0
1733,996,272.0,152.0
1747,818,200.0,56.0
1766,926,272.0,264.0
1678,958,272.0,128.0
1761,991,232.0,64.0
1585,932,312.0,440.0
1771,790,224.0,56.0
1550,959,408.0,224.0
1643,1018,672.0,464.0
1666,898,256.0,56.0
1578,927,296.0,144.0
1596,943,312.0,112.0
1708,840,272.0,56.0
1568,918,232.0,112.0
1575,972,288.0,56.0
1569,793,248.0,80.0
1714,939,304.0,72.0
1716,848,272.0,120.0
1605,929,264.0,56.0
1664,809,288.0,88.0
1614,795,256.0,72.0
1737,770,336.0,112.0
1717,860,256.0,56.0
265,1742,300.0,280.0
306,1610,270.0,610.0
353,1562,330.0,760.0
480,1573,310.0,360.0
423,1765,300.0,790.0
450,1656,280.0,380.0
468,1657,240.0,660.0
405,1679,260.0,740.0
398,1749,240.0,810.0
341,1613,310.0,1110.0
397,1658,240.0,470.0
441,1617,270.0,390.0
317,1640,260.0,370.0
396,1701,250.0,530.0
308,1758,310.0,900.0
327,1569,290.0,430.0
430,1597,270.0,270.0
377,1626,240.0,260.0
287,1576,310.0,810.0
262,1555,340.0,770.0
277,1619,200.0,60.0
372,1654,260.0,180.0
292,1599,270.0,360.0
466,1713,230.0,60.0
396,1768,240.0,330.0
348,1719,230.0,300.0
343,1597,300.0,220.0
443,1636,260.0,340.0
419,1735,180.0,80.0
336,1585,300.0,860.0
278,1763,340.0,660.0
261,1652,380.0,570.0
492,1687,200.0,270.0
499,1545,200.0,160.0
265,1773,330.0,180.0
439,1586,270.0,150.0
505,1702,380.0,650.0
440,1742,160.0,110.0
449,1778,280.0,270.0
387,1678,250.0,250.0
389,1725,240.0,460.0
372,1594,270.0,160.0
462,1752,270.0,220.0
479,1672,180.0,170.0
418,1641,220.0,90.0
487,1660,240.0,420.0
476,1748,270.0,270.0
286,1706,220.0,90.0
305,1588,250.0,70.0
310,1559,290.0,190.0
477,1737,270.0,180.0
397,1547,370.0,240.0
356,1775,310.0,360.0
399,1614,190.0,50.0
410,1565,260.0,110.0
346,1743,270.0,120.0
350,1782,330.0,150.0
320,1771,320.0,130.0
312,1540,900.0,820.0
372,1543,680.0,410.0
388,1563,420.0,140.0
384,1712,250.0,80.0
367,1641,260.0,70.0
328,1545,260.0,90.0
317,1661,240.0,120.0
384,1749,230.0,200.0
323,1653,230.0,60.0
339,1775,270.0,150.0
390,1551,400.0,170.0
411,1784,320.0,100.0
303,1539,330.0,250.0
370,1738,250.0,100.0
295,1558,300.0,110.0
337,1648,240.0,60.0
331,1556,290.0,90.0
359,1752,270.0,50.0
382,1552,420.0,190.0
445,1684,200.0,90.0
503,1676,220.0,60.0
299,1569,300.0,100.0
338,1572,290.0,50.0
396,1539,350.0,50.0
376,1787,290.0,50.0
386,1538,520.0,70.0
31,924,510.0,570.0
151,993,500.0,680.0
44,817,420.0,1000.0
178,944,520.0,590.0
23,953,320.0,620.0
81,806,280.0,140.0
147,934,280.0,280.0
177,797,420.0,1080.0
215,966,330.0,910.0
84,910,370.0,690.0
77,1003,250.0,380.0
232,917,260.0,1010.0
103,831,340.0,750.0
98,886,350.0,450.0
173,888,280.0,670.0
209,817,320.0,620.0
45,852,270.0,200.0
62,834,320.0,140.0
87,850,340.0,650.0
16,879,300.0,950.0
144,824,300.0,910.0
170,1016,300.0,630.0
213,891,320.0,1430.0
133,974,360.0,920.0
245,851,400.0,1470.0
112,996,240.0,500.0
113,908,270.0,220.0
225,1011,480.0,690.0
234,840,400.0,950.0
11,936,260.0,90.0
204,914,210.0,70.0
132,924,250.0,260.0
23,796,320.0,250.0
7,905,310.0,510.0
217,866,270.0,380.0
51,906,300.0,250.0
219,952,310.0,120.0
213,933,290.0,80.0
49,1014,200.0,140.0
92,981,220.0,90.0
128,789,220.0,50.0
150,1017,390.0,240.0
74,787,210.0,50.0
125,966,360.0,50.0
246,1011,300.0,120.0
238,1015,300.0,100.0
18,830,340.0,80.0
32,886,300.0,80.0
96,858,290.0,80.0
3,826,1020.0,180.0
389,1304,465.0,1545.0
402,1346,435.0,1245.0
453,1362,600.0,915.0
420,1405,720.0,840.0
441,1417,690.0,765.0
386,1444,375.0,1080.0
416,1290,360.0,930.0
294,1405,570.0,690.0
369,1296,375.0,1185.0
498,1443,525.0,570.0
379,1489,315.0,1185.0
499,1314,315.0,450.0
416,1502,270.0,990.0
399,1427,390.0,1005.0
280,1369,360.0,1200.0
327,1295,285.0,750.0
355,1490,330.0,1020.0
488,1482,300.0,1140.0
380,1342,450.0,975.0
463,1402,315.0,945.0
273,1497,315.0,900.0
449,1340,240.0,705.0
327,1424,750.0,855.0
456,1477,285.0,210.0
495,1359,315.0,210.0
433,1484,345.0,960.0
328,1389,405.0,960.0
433,1334,300.0,690.0
472,1307,285.0,855.0
436,1458,255.0,90.0
345,1520,330.0,1245.0
496,1382,315.0,315.0
367,1341,450.0,660.0
326,1503,330.0,315.0
450,1496,285.0,375.0
341,1454,285.0,420.0
275,1303,315.0,270.0
277,1521,300.0,180.0
421,1435,330.0,645.0
337,1381,405.0,705.0
505,1295,315.0,825.0
320,1491,300.0,645.0
394,1398,375.0,150.0
420,1483,345.0,405.0
262,1382,390.0,540.0
261,1332,600.0,735.0
363,1512,255.0,165.0
316,1524,300.0,285.0
464,1367,585.0,540.0
342,1430,750.0,780.0
474,1326,270.0,180.0
456,1516,240.0,195.0
261,1364,270.0,495.0
263,1503,315.0,375.0
305,1374,300.0,90.0
344,1400,300.0,60.0
489,1324,315.0,180.0
479,1342,315.0,195.0
373,1398,330.0,75.0
304,1449,285.0,180.0
358,1330,300.0,210.0
428,1319,285.0,135.0
378,1475,300.0,120.0
420,1351,315.0,240.0
505,1465,285.0,225.0
364,1530,315.0,255.0
335,1469,285.0,195.0
277,1469,270.0,285.0
268,1321,975.0,345.0
486,1333,315.0,60.0
359,1428,315.0,210.0
260,1319,1155.0,210.0
413,1435,375.0,150.0
374,1509,300.0,105.0
314,1370,300.0,135.0
476,1384,255.0,75.0
482,1398,240.0,60.0
338,1440,330.0,105.0
417,1445,255.0,75.0
279,1320,345.0,60.0
491,1301,285.0,60.0
485,1494,270.0,60.0
320,1412,405.0,75.0
